1,	-0.002471,
2,	-0.003545,
3,	-0.005243,
4,	0.005296,
5,	0.009233,
6,	0.004159,
7,	0.007233,
8,	0.002337,
9,	0.002182,
10,	0.007668,
11,	-0.015102,
12,	0.024364,
13,	0.013179,
14,	0.057698,
15,	0.012954,
16,	-0.038048,
17,	0.003916,
18,	0.047917,
19,	0.008121,
20,	-0.007991,
21,	0.008572,
22,	-0.079315,
23,	0.035268,
24,	-0.007281,
25,	-0.047614,
26,	-0.011644,
27,	0.003585,
28,	-0.019790,
29,	-0.001694,
30,	0.008263,
31,	-0.015519,
32,	0.003622,
33,	-0.008289,
34,	0.002701,
35,	-0.007393,
36,	0.000414,
37,	0.007011,
38,	0.009069,
39,	-0.005829,
40,	-0.013214,
41,	-0.003844,
42,	0.005967,
43,	-0.011109,
44,	-0.002472,
45,	0.000256,
46,	0.009924,
47,	-0.010756,
48,	-0.003071,
49,	-0.000622,
50,	0.001993,
51,	0.028151,
52,	-0.019731,
53,	-0.009726,
54,	-0.005895,
55,	0.001356,
56,	-0.009677,
57,	-0.004037,
58,	-0.001883,
59,	-0.000490,
60,	0.000624,
61,	0.011360,
62,	-0.005523,
63,	-0.003368,
64,	-0.001751,
65,	0.008425,
66,	-0.007100,
67,	-0.004461,
68,	-0.002731,
69,	-0.001164,
70,	0.009609,
71,	0.001751,
72,	-0.011292,
73,	-0.007005,
74,	-0.004819,
75,	-0.003245,
76,	0.004334,
77,	-0.011042,
78,	-0.004023,
79,	-0.002424,
80,	-0.001368,
81,	-0.000582,
82,	0.000048,
83,	0.000677,
84,	0.007052,
85,	0.193915,
86,	-0.034972,
87,	-0.029723,
88,	-0.019960,
89,	-0.014940,
90,	0.005170,
91,	-0.015946,
92,	0.002483,
93,	-0.022557,
94,	-0.013851,
95,	-0.010806,
96,	-0.008718,
97,	-0.007121,
98,	-0.005807,
99,	0.001238,
100,	-0.013058,
101,	-0.006508,
102,	-0.004930,
103,	-0.003843,
104,	-0.003005,
105,	-0.002325,
106,	-0.001758,
107,	-0.001273,
108,	-0.000852,
109,	-0.000474,
110,	-0.000086,
111,	0.010495,
112,	-0.009727,
113,	-0.003876,
114,	-0.002780,
115,	-0.002034,
116,	-0.001465,
117,	-0.001007,
118,	-0.000627,
119,	-0.000305,
120,	-0.000028,
121,	0.000213,
122,	0.000425,
123,	0.000614,
124,	0.000790,
125,	0.000972,
126,	0.001501,
127,	0.015679,
128,	-0.004234,
129,	-0.003572,
130,	0.007808,
131,	0.002201,
132,	-0.014704,
133,	-0.008204,
134,	-0.006736,
135,	-0.005705,
136,	-0.004893,
137,	-0.004221,
138,	-0.003648,
139,	-0.003150,
140,	-0.002711,
141,	-0.002320,
142,	-0.001969,
143,	-0.001651,
144,	-0.001360,
145,	-0.001086,
146,	-0.000806,
147,	0.002760,
148,	-0.002222,
149,	-0.001897,
150,	-0.001597,
151,	-0.001305,
152,	-0.000875,
153,	0.024801,
154,	-0.007356,
155,	-0.006525,
156,	-0.005814,
157,	-0.005192,
158,	-0.004638,
159,	-0.004129,
160,	-0.003592,
161,	0.005759,
162,	-0.012260,
163,	-0.006840,
164,	-0.005717,
165,	-0.004932,
166,	-0.004314,
167,	-0.003800,
168,	-0.003358,
169,	-0.002971,
170,	-0.002626,
171,	-0.002317,
172,	-0.002037,
173,	-0.001781,
174,	-0.001546,
175,	-0.001330,
176,	-0.001129,
177,	-0.000940,
178,	-0.000758,
179,	-0.000568,
180,	-0.000010,
181,	0.074585,
182,	-0.008730,
183,	-0.007877,
184,	-0.007140,
185,	-0.006489,
186,	-0.005896,
187,	-0.005148,
188,	0.010354,
189,	-0.012748,
190,	-0.008697,
191,	-0.007465,
192,	-0.006595,
193,	-0.005906,
194,	-0.005329,
195,	-0.004832,
196,	-0.004395,
197,	-0.004004,
198,	-0.003652,
199,	-0.003332,
200,	-0.003038,
201,	-0.002768,
202,	-0.002518,
203,	-0.002285,
204,	-0.002068,
205,	-0.001863,
206,	-0.001667,
207,	-0.001474,
208,	-0.001231,
209,	0.010573,
210,	0.279625,
211,	0.023222,
212,	0.035270,
213,	0.066127,
214,	-0.055701,
215,	0.076230,
216,	-0.121884,
217,	-0.042885,
218,	-0.027585,
219,	-0.021409,
220,	-0.017794,
221,	-0.006507,
222,	-0.016863,
223,	-0.014668,
224,	-0.001525,
225,	-0.015169,
226,	-0.013413,
227,	-0.012032,
228,	-0.010823,
229,	0.008956,
230,	-0.013239,
231,	-0.011906,
232,	-0.010815,
233,	-0.009885,
234,	-0.000351,
235,	-0.015001,
236,	-0.011471,
237,	-0.010063,
238,	-0.009066,
239,	-0.008278,
240,	-0.007622,
241,	-0.007058,
242,	-0.006564,
243,	-0.006124,
244,	-0.005728,
245,	-0.005368,
246,	-0.005038,
247,	-0.004734,
248,	-0.004452,
249,	-0.004189,
250,	-0.003943,
251,	-0.003711,
252,	-0.003492,
253,	-0.003283,
254,	-0.003076,
255,	-0.002826,
256,	0.012851,
257,	0.001864,
258,	-0.010710,
259,	-0.006390,
260,	-0.005858,
261,	-0.005419,
262,	-0.005041,
263,	-0.004707,
264,	-0.004409,
265,	-0.004138,
266,	-0.003890,
267,	-0.003661,
268,	-0.003448,
269,	-0.003250,
270,	-0.003065,
271,	-0.002891,
272,	-0.002728,
273,	-0.002573,
274,	-0.002427,
275,	-0.002288,
276,	-0.002156,
277,	-0.002031,
278,	-0.001912,
279,	-0.001798,
280,	-0.001689,
281,	-0.001585,
282,	-0.001486,
283,	-0.001391,
284,	-0.001299,
285,	-0.001212,
286,	-0.001127,
287,	-0.001046,
288,	-0.000968,
289,	-0.000892,
290,	-0.000819,
291,	-0.000747,
292,	-0.000677,
293,	-0.000606,
294,	-0.000527,
295,	-0.000388,
296,	0.022417,
297,	-0.003383,
298,	-0.003217,
299,	-0.003060,
300,	-0.002910,
301,	-0.002766,
302,	-0.002628,
303,	-0.002495,
304,	-0.002366,
305,	-0.002239,
306,	-0.002102,
307,	-0.001676,
308,	0.035684,
309,	-0.007683,
310,	-0.006849,
311,	-0.006268,
312,	-0.005807,
313,	-0.005421,
314,	-0.005086,
315,	-0.004788,
316,	-0.004520,
317,	-0.004275,
318,	-0.004051,
319,	-0.003842,
320,	-0.003648,
321,	-0.003467,
322,	-0.003297,
323,	-0.003136,
324,	-0.002985,
325,	-0.002841,
326,	-0.002705,
327,	-0.002575,
328,	-0.002451,
329,	-0.002333,
330,	-0.002220,
331,	-0.002113,
332,	-0.002009,
333,	-0.001910,
334,	-0.001815,
335,	-0.001723,
336,	-0.001635,
337,	-0.001550,
338,	-0.001469,
339,	-0.001390,
340,	-0.001313,
341,	-0.001240,
342,	-0.001168,
343,	-0.001099,
344,	-0.001031,
345,	-0.000965,
346,	-0.000899,
347,	-0.000832,
348,	-0.000757,
349,	-0.000600,
350,	0.026076,
351,	0.011546,
352,	-0.006760,
353,	-0.006385,
354,	-0.006050,
355,	-0.005746,
356,	-0.005469,
357,	-0.005212,
358,	-0.004975,
359,	-0.004754,
360,	-0.004547,
361,	-0.004352,
362,	-0.004169,
363,	-0.003996,
364,	-0.003832,
365,	-0.003676,
366,	-0.003527,
367,	-0.003386,
368,	-0.003251,
369,	-0.003121,
370,	-0.002997,
371,	-0.002878,
372,	-0.002763,
373,	-0.002653,
374,	-0.002546,
375,	-0.002442,
376,	-0.002341,
377,	-0.002240,
378,	-0.002135,
379,	-0.001969,
380,	0.014441,
381,	0.002327,
382,	-0.011388,
383,	-0.005497,
384,	-0.005145,
385,	-0.004848,
386,	-0.004590,
387,	-0.004359,
388,	-0.004151,
389,	-0.003960,
390,	-0.003784,
391,	-0.003621,
392,	-0.003468,
393,	-0.003324,
394,	-0.003188,
395,	-0.003060,
396,	-0.002939,
397,	-0.002823,
398,	-0.002712,
399,	-0.002607,
400,	-0.002506,
401,	-0.002410,
402,	-0.002317,
403,	-0.002228,
404,	-0.002142,
405,	-0.002060,
406,	-0.001980,
407,	-0.001904,
408,	-0.001830,
409,	-0.001758,
410,	-0.001689,
411,	-0.001622,
412,	-0.001557,
413,	-0.001494,
414,	-0.001434,
415,	-0.001375,
416,	-0.001318,
417,	-0.001262,
418,	-0.001208,
419,	-0.001156,
420,	-0.001105,
421,	-0.001055,
422,	-0.001007,
423,	-0.000960,
424,	-0.000915,
425,	-0.000870,
426,	-0.000827,
427,	-0.000784,
428,	-0.000743,
429,	-0.000703,
430,	-0.000663,
431,	-0.000624,
432,	-0.000586,
433,	-0.000549,
434,	-0.000511,
435,	-0.000473,
436,	-0.000432,
437,	-0.000382,
438,	-0.000222,
439,	0.011206,
440,	-0.009413,
441,	-0.002025,
442,	-0.001957,
443,	-0.001891,
444,	-0.001826,
445,	-0.001764,
446,	-0.001703,
447,	-0.001645,
448,	-0.001588,
449,	-0.001532,
450,	-0.001478,
451,	-0.001426,
452,	-0.001374,
453,	-0.001325,
454,	-0.001276,
455,	-0.001229,
456,	-0.001183,
457,	-0.001138,
458,	-0.001094,
459,	-0.001052,
460,	-0.001010,
461,	-0.000969,
462,	-0.000930,
463,	-0.000891,
464,	-0.000853,
465,	-0.000816,
466,	-0.000780,
467,	-0.000745,
468,	-0.000710,
469,	-0.000676,
470,	-0.000643,
471,	-0.000610,
472,	-0.000578,
473,	-0.000547,
474,	-0.000515,
475,	-0.000484,
476,	-0.000453,
477,	-0.000420,
478,	-0.000384,
479,	-0.000332,
480,	0.000830,
481,	0.105759,
482,	-0.003859,
483,	-0.003742,
484,	-0.003628,
485,	-0.003517,
486,	-0.003405,
487,	-0.003269,
488,	0.001961,
489,	-0.009418,
490,	-0.004640,
491,	-0.004457,
492,	-0.004288,
493,	-0.004130,
494,	-0.003982,
495,	-0.003843,
496,	-0.003712,
497,	-0.003588,
498,	-0.003470,
499,	-0.003358,
500,	0.000000,
