1,	-0.003210,
2,	-0.004635,
3,	-0.004764,
4,	-0.005344,
5,	-0.008385,
6,	0.003044,
7,	0.005206,
8,	0.002830,
9,	0.005484,
10,	0.006785,
11,	0.006759,
12,	0.005908,
13,	0.005476,
14,	0.003440,
15,	0.003825,
16,	0.008247,
17,	0.003674,
18,	0.000571,
19,	-0.001418,
20,	0.003735,
21,	0.003166,
22,	-0.008102,
23,	0.002513,
24,	-0.009113,
25,	0.000085,
26,	0.004858,
27,	-0.009822,
28,	-0.011024,
29,	0.004887,
30,	-0.009005,
31,	-0.006943,
32,	-0.006463,
33,	-0.005630,
34,	-0.008872,
35,	-0.014059,
36,	-0.008833,
37,	-0.001918,
38,	-0.009275,
39,	-0.009619,
40,	-0.008293,
41,	-0.006397,
42,	-0.005180,
43,	0.001007,
44,	-0.000621,
45,	-0.002233,
46,	-0.000849,
47,	0.007417,
48,	0.012049,
49,	-0.016369,
50,	-0.007971,
51,	-0.020437,
52,	0.000229,
53,	0.003810,
54,	-0.006095,
55,	0.003614,
56,	-0.002407,
57,	-0.021972,
58,	-0.009550,
59,	-0.004271,
60,	0.004603,
61,	-0.009949,
62,	-0.017157,
63,	-0.009265,
64,	-0.013318,
65,	-0.010869,
66,	-0.011025,
67,	-0.015204,
68,	-0.006253,
69,	-0.004462,
70,	0.001660,
71,	-0.016623,
72,	-0.010440,
73,	-0.002136,
74,	-0.013556,
75,	0.003060,
76,	-0.020786,
77,	-0.002677,
78,	-0.010442,
79,	-0.007339,
80,	-0.024493,
81,	-0.008992,
82,	0.002449,
83,	-0.023171,
84,	-0.016263,
85,	-0.006718,
86,	-0.017598,
87,	0.002912,
88,	-0.007777,
89,	-0.020625,
90,	-0.013641,
91,	-0.008936,
92,	-0.014732,
93,	-0.017661,
94,	-0.009480,
95,	0.016273,
96,	-0.021219,
97,	-0.015097,
98,	-0.004744,
99,	-0.013704,
100,	0.004726,
101,	-0.026155,
102,	-0.006811,
103,	-0.010505,
104,	-0.003907,
105,	-0.019208,
106,	-0.002139,
107,	-0.014462,
108,	-0.011546,
109,	-0.014081,
110,	-0.002527,
111,	-0.021691,
112,	0.005093,
113,	-0.010953,
114,	-0.018746,
115,	-0.003310,
116,	-0.014594,
117,	-0.017512,
118,	-0.012548,
119,	-0.007791,
120,	-0.019848,
121,	-0.013748,
122,	-0.003102,
123,	-0.007160,
124,	-0.014291,
125,	0.015140,
126,	-0.035591,
127,	-0.005242,
128,	-0.014374,
129,	-0.008921,
130,	-0.027692,
131,	-0.017702,
132,	-0.007022,
133,	-0.005687,
134,	-0.024345,
135,	-0.006969,
136,	-0.010024,
137,	-0.019615,
138,	-0.019778,
139,	0.010451,
140,	-0.019947,
141,	-0.019192,
142,	0.000567,
143,	-0.025526,
144,	-0.012634,
145,	-0.024310,
146,	-0.016423,
147,	-0.013652,
148,	-0.009473,
149,	-0.011990,
150,	-0.003155,
151,	-0.019252,
152,	-0.022661,
153,	-0.024586,
154,	-0.004459,
155,	-0.026714,
156,	-0.010157,
157,	0.004144,
158,	-0.021560,
159,	-0.010156,
160,	-0.001872,
161,	-0.016897,
162,	-0.026022,
163,	-0.020276,
164,	0.006181,
165,	-0.017377,
166,	-0.035176,
167,	-0.008402,
168,	-0.014423,
169,	-0.027669,
170,	-0.015665,
171,	-0.001540,
172,	-0.032855,
173,	-0.018904,
174,	-0.008433,
175,	-0.020639,
176,	-0.006076,
177,	-0.014693,
178,	-0.033980,
179,	-0.011077,
180,	-0.015815,
181,	-0.013535,
182,	-0.015006,
183,	-0.021456,
184,	-0.001941,
185,	-0.024489,
186,	-0.019102,
187,	-0.001524,
188,	-0.025584,
189,	-0.026785,
190,	-0.031283,
191,	-0.019880,
192,	-0.007481,
193,	-0.015364,
194,	-0.000150,
195,	-0.000468,
196,	-0.019859,
197,	-0.026428,
198,	-0.010317,
199,	-0.014106,
200,	-0.016729,
201,	-0.016108,
202,	-0.030359,
203,	-0.024267,
204,	-0.014525,
205,	-0.008356,
206,	-0.025479,
207,	-0.011284,
208,	-0.004570,
209,	-0.020913,
210,	-0.009030,
211,	-0.023322,
212,	-0.028930,
213,	-0.009275,
214,	-0.028218,
215,	-0.011021,
216,	-0.021412,
217,	-0.027020,
218,	-0.022401,
219,	0.007666,
220,	-0.018634,
221,	-0.011087,
222,	-0.015384,
223,	-0.027618,
224,	-0.021622,
225,	-0.023234,
226,	-0.018898,
227,	-0.022600,
228,	-0.025364,
229,	-0.010307,
230,	-0.005427,
231,	-0.002939,
232,	-0.025049,
233,	-0.009732,
234,	-0.022378,
235,	-0.003852,
236,	-0.027386,
237,	-0.022641,
238,	-0.032575,
239,	0.016055,
240,	0.000000,
