1,	-0.001610,
2,	-0.002891,
3,	-0.002869,
4,	-0.002857,
5,	-0.002917,
6,	-0.003140,
7,	0.012761,
8,	0.001726,
9,	-0.001799,
10,	0.001631,
11,	0.002804,
12,	0.004484,
13,	-0.003112,
14,	0.003713,
15,	-0.001880,
16,	0.019396,
17,	-0.001084,
18,	0.019592,
19,	-0.002209,
20,	0.029971,
21,	-0.011176,
22,	0.031296,
23,	0.000426,
24,	0.012685,
25,	0.020657,
26,	0.014341,
27,	-0.007605,
28,	0.014632,
29,	-0.000821,
30,	-0.020589,
31,	0.022481,
32,	0.018271,
33,	0.000477,
34,	0.005315,
35,	-0.070754,
36,	-0.028568,
37,	-0.033025,
38,	-0.017488,
39,	-0.018434,
40,	-0.019857,
41,	-0.004597,
42,	-0.013409,
43,	-0.014584,
44,	0.013912,
45,	-0.008035,
46,	-0.017595,
47,	0.002966,
48,	-0.015399,
49,	0.032426,
50,	-0.006655,
51,	-0.021634,
52,	-0.017026,
53,	0.012058,
54,	-0.009935,
55,	-0.028391,
56,	-0.016715,
57,	-0.023382,
58,	-0.010798,
59,	-0.010615,
60,	-0.016295,
61,	-0.002723,
62,	-0.013625,
63,	0.003478,
64,	-0.015086,
65,	-0.006630,
66,	0.049257,
67,	-0.016553,
68,	-0.023412,
69,	-0.007679,
70,	-0.017423,
71,	0.000375,
72,	-0.017484,
73,	-0.009003,
74,	0.090002,
75,	-0.023273,
76,	-0.025301,
77,	-0.027110,
78,	-0.016512,
79,	-0.015257,
80,	-0.023442,
81,	-0.006258,
82,	-0.017577,
83,	0.000329,
84,	-0.008841,
85,	-0.020642,
86,	-0.003603,
87,	-0.017716,
88,	-0.010306,
89,	-0.002446,
90,	0.012313,
91,	-0.020456,
92,	-0.010872,
93,	-0.014052,
94,	0.019147,
95,	-0.021931,
96,	0.000028,
97,	-0.006832,
98,	-0.013718,
99,	-0.016063,
100,	-0.012650,
101,	-0.026876,
102,	-0.009383,
103,	-0.021493,
104,	-0.007815,
105,	-0.019035,
106,	-0.002766,
107,	-0.021228,
108,	-0.013141,
109,	-0.002800,
110,	-0.014290,
111,	-0.001416,
112,	0.060840,
113,	-0.021985,
114,	-0.016501,
115,	-0.012207,
116,	-0.014857,
117,	-0.025988,
118,	0.030703,
119,	-0.022720,
120,	-0.022434,
121,	-0.028475,
122,	0.001423,
123,	-0.024863,
124,	0.033914,
125,	-0.017842,
126,	-0.012529,
127,	-0.024852,
128,	-0.022212,
129,	-0.018312,
130,	-0.022205,
131,	-0.000419,
132,	-0.026740,
133,	0.010355,
134,	-0.018714,
135,	-0.000306,
136,	-0.014175,
137,	-0.025579,
138,	-0.023847,
139,	0.020338,
140,	-0.026960,
141,	-0.028911,
142,	0.032625,
143,	-0.019280,
144,	-0.020800,
145,	-0.026896,
146,	-0.012746,
147,	-0.020098,
148,	-0.022408,
149,	-0.029176,
150,	-0.012668,
151,	0.007297,
152,	-0.027421,
153,	0.011144,
154,	-0.008402,
155,	-0.006599,
156,	-0.030806,
157,	-0.014865,
158,	-0.017267,
159,	-0.014721,
160,	-0.026261,
161,	-0.020620,
162,	-0.019136,
163,	-0.020846,
164,	-0.028451,
165,	-0.011106,
166,	-0.021794,
167,	-0.010947,
168,	-0.024314,
169,	-0.016122,
170,	0.013943,
171,	0.011618,
172,	-0.018511,
173,	-0.029580,
174,	-0.011546,
175,	0.053396,
176,	0.016633,
177,	-0.010134,
178,	-0.031164,
179,	-0.026923,
180,	-0.013698,
181,	-0.026143,
182,	-0.013899,
183,	-0.034335,
184,	0.014893,
185,	-0.022113,
186,	-0.023667,
187,	0.014546,
188,	-0.010038,
189,	0.009097,
190,	-0.003395,
191,	-0.045069,
192,	-0.038777,
193,	-0.029136,
194,	-0.022147,
195,	-0.019877,
196,	-0.019966,
197,	-0.019054,
198,	-0.027696,
199,	-0.013351,
200,	-0.006688,
201,	-0.016518,
202,	-0.009743,
203,	-0.013817,
204,	-0.034929,
205,	-0.000943,
206,	0.021960,
207,	-0.016694,
208,	-0.021294,
209,	-0.035552,
210,	0.003317,
211,	-0.044017,
212,	-0.017080,
213,	-0.013361,
214,	-0.024487,
215,	-0.012150,
216,	-0.027405,
217,	-0.027099,
218,	-0.024531,
219,	-0.024451,
220,	-0.020922,
221,	-0.018628,
222,	-0.019103,
223,	-0.025791,
224,	0.012072,
225,	-0.022231,
226,	-0.026986,
227,	0.022621,
228,	-0.021193,
229,	-0.029324,
230,	0.005327,
231,	-0.026405,
232,	0.006323,
233,	-0.017721,
234,	-0.029497,
235,	0.001156,
236,	-0.017963,
237,	-0.027868,
238,	0.002641,
239,	-0.021832,
240,	0.000000,
