1,	-0.002471,
2,	-0.003545,
3,	-0.005243,
4,	0.005296,
5,	0.009233,
6,	0.004159,
7,	0.007233,
8,	0.002337,
9,	0.002182,
10,	0.007668,
11,	-0.015102,
12,	0.024364,
13,	0.013179,
14,	0.057698,
15,	0.012954,
16,	-0.038048,
17,	0.003916,
18,	0.047917,
19,	0.008121,
20,	-0.007991,
21,	0.008572,
22,	-0.079315,
23,	0.035268,
24,	-0.007281,
25,	-0.047614,
26,	-0.011644,
27,	0.003585,
28,	-0.019790,
29,	-0.001694,
30,	0.008263,
31,	-0.015519,
32,	0.003622,
33,	-0.008289,
34,	0.002701,
35,	-0.007393,
36,	0.000414,
37,	0.007011,
38,	0.009069,
39,	-0.005829,
40,	-0.013214,
41,	-0.003844,
42,	0.005967,
43,	-0.011109,
44,	-0.002472,
45,	0.000256,
46,	0.009924,
47,	-0.010756,
48,	-0.003071,
49,	-0.000622,
50,	0.001993,
51,	0.028151,
52,	-0.019731,
53,	-0.009726,
54,	-0.005895,
55,	0.001356,
56,	-0.009677,
57,	-0.004037,
58,	-0.001883,
59,	-0.000490,
60,	0.000624,
61,	0.011360,
62,	-0.005523,
63,	-0.003368,
64,	-0.001751,
65,	0.008425,
66,	-0.007100,
67,	-0.004461,
68,	-0.002731,
69,	-0.001164,
70,	0.009609,
71,	0.001751,
72,	-0.011292,
73,	-0.007005,
74,	-0.004819,
75,	-0.003245,
76,	0.004334,
77,	-0.011042,
78,	-0.004023,
79,	-0.002424,
80,	-0.001368,
81,	-0.000582,
82,	0.000048,
83,	0.000677,
84,	0.007052,
85,	0.193915,
86,	-0.034972,
87,	-0.029723,
88,	-0.019960,
89,	-0.014940,
90,	0.005170,
91,	-0.015946,
92,	0.002483,
93,	-0.022557,
94,	-0.013851,
95,	-0.010806,
96,	-0.008718,
97,	-0.007121,
98,	-0.005807,
99,	0.001238,
100,	-0.013058,
101,	-0.006508,
102,	-0.004930,
103,	-0.003843,
104,	-0.003005,
105,	-0.002325,
106,	-0.001758,
107,	-0.001273,
108,	-0.000852,
109,	-0.000474,
110,	-0.000086,
111,	0.010495,
112,	-0.009727,
113,	-0.003876,
114,	-0.002780,
115,	-0.002034,
116,	-0.001465,
117,	-0.001007,
118,	-0.000627,
119,	-0.000305,
120,	-0.000028,
121,	0.000213,
122,	0.000425,
123,	0.000614,
124,	0.000790,
125,	0.000972,
126,	0.001501,
127,	0.015679,
128,	-0.004234,
129,	-0.003572,
130,	0.007808,
131,	0.002201,
132,	-0.014704,
133,	-0.008204,
134,	-0.006736,
135,	-0.005705,
136,	-0.004893,
137,	-0.004221,
138,	-0.003648,
139,	-0.003150,
140,	-0.002711,
141,	-0.002320,
142,	-0.001969,
143,	-0.001651,
144,	-0.001360,
145,	-0.001086,
146,	-0.000806,
147,	0.002760,
148,	-0.002222,
149,	-0.001897,
150,	-0.001597,
151,	-0.001305,
152,	-0.000875,
153,	0.024801,
154,	-0.007356,
155,	-0.006525,
156,	-0.005814,
157,	-0.005192,
158,	-0.004638,
159,	-0.004129,
160,	-0.003592,
161,	0.005759,
162,	-0.012260,
163,	-0.006840,
164,	-0.005717,
165,	-0.004932,
166,	-0.004314,
167,	-0.003800,
168,	-0.003358,
169,	-0.002971,
170,	-0.002626,
171,	-0.002317,
172,	-0.002037,
173,	-0.001781,
174,	-0.001546,
175,	-0.001330,
176,	-0.001129,
177,	-0.000940,
178,	-0.000758,
179,	-0.000568,
180,	-0.000010,
181,	0.074585,
182,	-0.008730,
183,	-0.007877,
184,	-0.007140,
185,	-0.006489,
186,	-0.005896,
187,	-0.005148,
188,	0.010354,
189,	-0.012748,
190,	-0.008697,
191,	-0.007465,
192,	-0.006595,
193,	-0.005906,
194,	-0.005329,
195,	-0.004832,
196,	-0.004395,
197,	-0.004004,
198,	-0.003652,
199,	-0.003332,
200,	-0.003038,
201,	-0.002768,
202,	-0.002518,
203,	-0.002285,
204,	-0.002068,
205,	-0.001863,
206,	-0.001667,
207,	-0.001474,
208,	-0.001231,
209,	0.010573,
210,	0.279625,
211,	0.023222,
212,	0.035270,
213,	0.066127,
214,	-0.055701,
215,	0.076230,
216,	-0.121884,
217,	-0.042885,
218,	-0.027585,
219,	-0.021409,
220,	-0.017794,
221,	-0.006507,
222,	-0.016863,
223,	-0.014668,
224,	-0.001525,
225,	-0.015169,
226,	-0.013413,
227,	-0.012032,
228,	-0.010823,
229,	0.008956,
230,	-0.013239,
231,	-0.011906,
232,	-0.010815,
233,	-0.009885,
234,	-0.000351,
235,	-0.015001,
236,	-0.011471,
237,	-0.010063,
238,	-0.009066,
239,	-0.008278,
240,	0.000000,
