1,	-0.003210,
2,	-0.004635,
3,	-0.004764,
4,	-0.005344,
5,	-0.008385,
6,	0.003044,
7,	0.005206,
8,	0.002830,
9,	0.005484,
10,	0.006785,
11,	0.006759,
12,	0.005908,
13,	0.005476,
14,	0.003440,
15,	0.003825,
16,	0.008247,
17,	0.003674,
18,	0.000571,
19,	-0.001418,
20,	0.003735,
21,	0.003166,
22,	-0.008102,
23,	0.002513,
24,	-0.009113,
25,	0.000085,
26,	0.004858,
27,	-0.009822,
28,	-0.011024,
29,	0.004887,
30,	-0.009005,
31,	-0.006943,
32,	-0.006463,
33,	-0.005630,
34,	-0.008872,
35,	-0.014059,
36,	-0.008833,
37,	-0.001918,
38,	-0.009275,
39,	-0.009619,
40,	-0.008293,
41,	-0.006397,
42,	-0.005180,
43,	0.001007,
44,	-0.000621,
45,	-0.002233,
46,	-0.000849,
47,	0.007417,
48,	0.012049,
49,	-0.016369,
50,	-0.007971,
51,	-0.020437,
52,	0.000229,
53,	0.003810,
54,	-0.006095,
55,	0.003614,
56,	-0.002407,
57,	-0.021972,
58,	-0.009550,
59,	-0.004271,
60,	0.004603,
61,	-0.009949,
62,	-0.017157,
63,	-0.009265,
64,	-0.013318,
65,	-0.010869,
66,	-0.011025,
67,	-0.015204,
68,	-0.006253,
69,	-0.004462,
70,	0.001660,
71,	-0.016623,
72,	-0.010440,
73,	-0.002136,
74,	-0.013556,
75,	0.003060,
76,	-0.020786,
77,	-0.002677,
78,	-0.010442,
79,	-0.007339,
80,	-0.024493,
81,	-0.008992,
82,	0.002449,
83,	-0.023171,
84,	-0.016263,
85,	-0.006718,
86,	-0.017598,
87,	0.002912,
88,	-0.007777,
89,	-0.020625,
90,	-0.013641,
91,	-0.008936,
92,	-0.014732,
93,	-0.017661,
94,	-0.009480,
95,	0.016273,
96,	-0.021219,
97,	-0.015097,
98,	-0.004744,
99,	-0.013704,
100,	0.004726,
101,	-0.026155,
102,	-0.006811,
103,	-0.010505,
104,	-0.003907,
105,	-0.019208,
106,	-0.002139,
107,	-0.014462,
108,	-0.011546,
109,	-0.014081,
110,	-0.002527,
111,	-0.021691,
112,	0.005093,
113,	-0.010953,
114,	-0.018746,
115,	-0.003310,
116,	-0.014594,
117,	-0.017512,
118,	-0.012548,
119,	-0.007791,
120,	0.000000,
