1,	-0.001610,
2,	-0.002891,
3,	-0.002869,
4,	-0.002857,
5,	-0.002917,
6,	-0.003140,
7,	0.012761,
8,	0.001726,
9,	-0.001799,
10,	0.001631,
11,	0.002804,
12,	0.004484,
13,	-0.003112,
14,	0.003713,
15,	-0.001880,
16,	0.019396,
17,	-0.001084,
18,	0.019592,
19,	-0.002209,
20,	0.029971,
21,	-0.011176,
22,	0.031296,
23,	0.000426,
24,	0.012685,
25,	0.020657,
26,	0.014341,
27,	-0.007605,
28,	0.014632,
29,	-0.000821,
30,	-0.020589,
31,	0.022481,
32,	0.018271,
33,	0.000477,
34,	0.005315,
35,	-0.070754,
36,	-0.028568,
37,	-0.033025,
38,	-0.017488,
39,	-0.018434,
40,	-0.019857,
41,	-0.004597,
42,	-0.013409,
43,	-0.014584,
44,	0.013912,
45,	-0.008035,
46,	-0.017595,
47,	0.002966,
48,	-0.015399,
49,	0.032426,
50,	-0.006655,
51,	-0.021634,
52,	-0.017026,
53,	0.012058,
54,	-0.009935,
55,	-0.028391,
56,	-0.016715,
57,	-0.023382,
58,	-0.010798,
59,	-0.010615,
60,	-0.016295,
61,	-0.002723,
62,	-0.013625,
63,	0.003478,
64,	-0.015086,
65,	-0.006630,
66,	0.049257,
67,	-0.016553,
68,	-0.023412,
69,	-0.007679,
70,	-0.017423,
71,	0.000375,
72,	-0.017484,
73,	-0.009003,
74,	0.090002,
75,	-0.023273,
76,	-0.025301,
77,	-0.027110,
78,	-0.016512,
79,	-0.015257,
80,	-0.023442,
81,	-0.006258,
82,	-0.017577,
83,	0.000329,
84,	-0.008841,
85,	-0.020642,
86,	-0.003603,
87,	-0.017716,
88,	-0.010306,
89,	-0.002446,
90,	0.012313,
91,	-0.020456,
92,	-0.010872,
93,	-0.014052,
94,	0.019147,
95,	-0.021931,
96,	0.000028,
97,	-0.006832,
98,	-0.013718,
99,	-0.016063,
100,	-0.012650,
101,	-0.026876,
102,	-0.009383,
103,	-0.021493,
104,	-0.007815,
105,	-0.019035,
106,	-0.002766,
107,	-0.021228,
108,	-0.013141,
109,	-0.002800,
110,	-0.014290,
111,	-0.001416,
112,	0.060840,
113,	-0.021985,
114,	-0.016501,
115,	-0.012207,
116,	-0.014857,
117,	-0.025988,
118,	0.030703,
119,	-0.022720,
120,	0.000000,
