1,	-0.003210,
2,	-0.004635,
3,	-0.004764,
4,	-0.005344,
5,	-0.008385,
6,	0.003044,
7,	0.005206,
8,	0.002830,
9,	0.005484,
10,	0.006785,
11,	0.006759,
12,	0.005908,
13,	0.005476,
14,	0.003440,
15,	0.003825,
16,	0.008247,
17,	0.003674,
18,	0.000571,
19,	-0.001418,
20,	0.003735,
21,	0.003166,
22,	-0.008102,
23,	0.002513,
24,	-0.009113,
25,	0.000085,
26,	0.004858,
27,	-0.009822,
28,	-0.011024,
29,	0.004887,
30,	-0.009005,
31,	-0.006943,
32,	-0.006463,
33,	-0.005630,
34,	-0.008872,
35,	-0.014059,
36,	-0.008833,
37,	-0.001918,
38,	-0.009275,
39,	-0.009619,
40,	-0.008293,
41,	-0.006397,
42,	-0.005180,
43,	0.001007,
44,	-0.000621,
45,	-0.002233,
46,	-0.000849,
47,	0.007417,
48,	0.012049,
49,	-0.016369,
50,	-0.007971,
51,	-0.020437,
52,	0.000229,
53,	0.003810,
54,	-0.006095,
55,	0.003614,
56,	-0.002407,
57,	-0.021972,
58,	-0.009550,
59,	-0.004271,
60,	0.000000,
