1,	-0.002350,
2,	-0.002940,
3,	-0.003219,
4,	-0.001737,
5,	0.010703,
6,	0.008857,
7,	0.006258,
8,	0.008710,
9,	0.005029,
10,	-0.007700,
11,	0.001101,
12,	0.073428,
13,	0.030337,
14,	-0.025257,
15,	-0.070781,
16,	0.044718,
17,	0.013390,
18,	0.054989,
19,	-0.020009,
20,	-0.012498,
21,	-0.089437,
22,	-0.011643,
23,	0.015275,
24,	-0.008894,
25,	0.014005,
26,	-0.012046,
27,	0.002966,
28,	0.022828,
29,	-0.015846,
30,	-0.010353,
31,	0.002945,
32,	-0.002037,
33,	0.014251,
34,	-0.013261,
35,	-0.002623,
36,	0.001669,
37,	0.020151,
38,	-0.003143,
39,	-0.011770,
40,	-0.001412,
41,	-0.013391,
42,	-0.004100,
43,	0.006582,
44,	-0.009034,
45,	-0.002193,
46,	0.000401,
47,	0.012337,
48,	-0.008580,
49,	-0.001835,
50,	0.000119,
51,	0.001354,
52,	0.009869,
53,	-0.006288,
54,	-0.001913,
55,	-0.000175,
56,	0.000917,
57,	0.002861,
58,	0.019911,
59,	-0.015121,
60,	-0.007020,
61,	-0.004390,
62,	-0.002648,
63,	-0.001374,
64,	-0.000239,
65,	0.004019,
66,	0.000344,
67,	-0.009402,
68,	-0.004403,
69,	-0.002627,
70,	-0.001461,
71,	-0.000614,
72,	0.000034,
73,	0.000557,
74,	0.001108,
75,	0.005390,
76,	0.236240,
77,	-0.082057,
78,	-0.027265,
79,	0.004016,
80,	-0.025797,
81,	-0.016525,
82,	-0.012117,
83,	-0.009265,
84,	-0.007203,
85,	-0.005621,
86,	-0.004361,
87,	-0.003320,
88,	-0.002317,
89,	0.018963,
90,	-0.014448,
91,	-0.007904,
92,	-0.005916,
93,	-0.004535,
94,	-0.003481,
95,	-0.002640,
96,	-0.001953,
97,	-0.001384,
98,	-0.000907,
99,	-0.000504,
100,	-0.000162,
101,	0.000131,
102,	0.000382,
103,	0.000601,
104,	0.000793,
105,	0.000973,
106,	0.001195,
107,	0.003609,
108,	-0.001050,
109,	-0.000686,
110,	-0.000371,
111,	-0.000096,
112,	0.000145,
113,	0.000360,
114,	0.000557,
115,	0.000768,
116,	0.003260,
117,	-0.000006,
118,	0.021831,
119,	-0.011698,
120,	-0.006082,
121,	-0.004764,
122,	-0.003843,
123,	-0.003125,
124,	-0.002538,
125,	-0.002045,
126,	-0.001624,
127,	-0.001260,
128,	-0.000942,
129,	-0.000663,
130,	-0.000418,
131,	-0.000200,
132,	-0.000006,
133,	0.000167,
134,	0.000322,
135,	0.000462,
136,	0.000591,
137,	0.000711,
138,	0.000835,
139,	0.001053,
140,	0.016687,
141,	-0.004026,
142,	-0.003246,
143,	-0.002657,
144,	-0.002180,
145,	-0.001780,
146,	-0.001438,
147,	-0.001140,
148,	-0.000878,
149,	-0.000647,
150,	-0.000441,
151,	-0.000257,
152,	-0.000092,
153,	0.000056,
154,	0.000191,
155,	0.000313,
156,	0.000423,
157,	0.000525,
158,	0.000618,
159,	0.000704,
160,	0.000787,
161,	0.000871,
162,	0.000982,
163,	0.004799,
164,	-0.003079,
165,	-0.002056,
166,	-0.001493,
167,	-0.001094,
168,	-0.000783,
169,	-0.000530,
170,	-0.000317,
171,	-0.000135,
172,	0.000024,
173,	0.000162,
174,	0.000285,
175,	0.000394,
176,	0.000492,
177,	0.000579,
178,	0.000658,
179,	0.000729,
180,	0.000793,
181,	0.000852,
182,	0.000905,
183,	0.000954,
184,	0.000999,
185,	0.001040,
186,	0.001078,
187,	0.001114,
188,	0.001148,
189,	0.001181,
190,	0.001217,
191,	0.001263,
192,	0.001387,
193,	0.012124,
194,	-0.004888,
195,	-0.000659,
196,	-0.000400,
197,	0.018384,
198,	-0.015098,
199,	-0.004272,
200,	-0.003932,
201,	-0.003620,
202,	-0.003332,
203,	-0.003066,
204,	-0.002819,
205,	-0.002590,
206,	-0.002376,
207,	-0.002177,
208,	-0.001990,
209,	-0.001816,
210,	-0.001652,
211,	-0.001499,
212,	-0.001355,
213,	-0.001219,
214,	-0.001091,
215,	-0.000971,
216,	-0.000858,
217,	-0.000751,
218,	-0.000651,
219,	-0.000556,
220,	-0.000466,
221,	-0.000381,
222,	-0.000301,
223,	-0.000225,
224,	-0.000154,
225,	-0.000086,
226,	-0.000022,
227,	0.000039,
228,	0.000096,
229,	0.000151,
230,	0.000202,
231,	0.000251,
232,	0.000298,
233,	0.000342,
234,	0.000384,
235,	0.000424,
236,	0.000463,
237,	0.000500,
238,	0.000536,
239,	0.000573,
240,	0.000000,
