1,	-0.000540,
2,	-0.003841,
3,	-0.004376,
4,	-0.004493,
5,	-0.003073,
6,	0.002448,
7,	0.005477,
8,	0.005970,
9,	0.007695,
10,	0.010141,
11,	0.012371,
12,	0.014106,
13,	0.015187,
14,	0.015535,
15,	0.015269,
16,	0.014589,
17,	0.013666,
18,	0.012617,
19,	0.011519,
20,	0.010419,
21,	0.009344,
22,	0.008309,
23,	0.007322,
24,	0.006386,
25,	0.005504,
26,	0.004676,
27,	0.003900,
28,	0.003174,
29,	0.002496,
30,	0.001864,
31,	0.001273,
32,	0.000722,
33,	0.000207,
34,	-0.000275,
35,	-0.000725,
36,	-0.001147,
37,	-0.001542,
38,	-0.001912,
39,	-0.002260,
40,	-0.002586,
41,	-0.002893,
42,	-0.003183,
43,	-0.003455,
44,	-0.003712,
45,	-0.003955,
46,	-0.004185,
47,	-0.004404,
48,	-0.004611,
49,	-0.004809,
50,	-0.004997,
51,	-0.005177,
52,	-0.005350,
53,	-0.005516,
54,	-0.005676,
55,	-0.005830,
56,	-0.005979,
57,	-0.006124,
58,	-0.006264,
59,	-0.006400,
60,	-0.006534,
61,	-0.006664,
62,	-0.006792,
63,	-0.006918,
64,	-0.007041,
65,	-0.007164,
66,	-0.007284,
67,	-0.007404,
68,	-0.007523,
69,	-0.007641,
70,	-0.007758,
71,	-0.007875,
72,	-0.007992,
73,	-0.008108,
74,	-0.008225,
75,	-0.008341,
76,	-0.008456,
77,	-0.008572,
78,	-0.008687,
79,	-0.008803,
80,	-0.008917,
81,	-0.009032,
82,	-0.009146,
83,	-0.009260,
84,	-0.009374,
85,	-0.009487,
86,	-0.009599,
87,	-0.009711,
88,	-0.009822,
89,	-0.009933,
90,	-0.010042,
91,	-0.010151,
92,	-0.010258,
93,	-0.010365,
94,	-0.010470,
95,	-0.010575,
96,	-0.010678,
97,	-0.010780,
98,	-0.010881,
99,	-0.010981,
100,	-0.011079,
101,	-0.011176,
102,	-0.011272,
103,	-0.011366,
104,	-0.011459,
105,	-0.011551,
106,	-0.011642,
107,	-0.011731,
108,	-0.011819,
109,	-0.011905,
110,	-0.011991,
111,	-0.012075,
112,	-0.012157,
113,	-0.012239,
114,	-0.012319,
115,	-0.012397,
116,	-0.012475,
117,	-0.012552,
118,	-0.012627,
119,	-0.012701,
120,	0.000000,
