1,	-0.001610,
2,	-0.002891,
3,	-0.002869,
4,	-0.002857,
5,	-0.002917,
6,	-0.003140,
7,	0.012761,
8,	0.001726,
9,	-0.001799,
10,	0.001631,
11,	0.002804,
12,	0.004484,
13,	-0.003112,
14,	0.003713,
15,	-0.001880,
16,	0.019396,
17,	-0.001084,
18,	0.019592,
19,	-0.002209,
20,	0.029971,
21,	-0.011176,
22,	0.031296,
23,	0.000426,
24,	0.012685,
25,	0.020657,
26,	0.014341,
27,	-0.007605,
28,	0.014632,
29,	-0.000821,
30,	-0.020589,
31,	0.022481,
32,	0.018271,
33,	0.000477,
34,	0.005315,
35,	-0.070754,
36,	-0.028568,
37,	-0.033025,
38,	-0.017488,
39,	-0.018434,
40,	-0.019857,
41,	-0.004597,
42,	-0.013409,
43,	-0.014584,
44,	0.013912,
45,	-0.008035,
46,	-0.017595,
47,	0.002966,
48,	-0.015399,
49,	0.032426,
50,	-0.006655,
51,	-0.021634,
52,	-0.017026,
53,	0.012058,
54,	-0.009935,
55,	-0.028391,
56,	-0.016715,
57,	-0.023382,
58,	-0.010798,
59,	-0.010615,
60,	0.000000,
