1,	-0.002350,
2,	-0.002940,
3,	-0.003219,
4,	-0.001737,
5,	0.010703,
6,	0.008857,
7,	0.006258,
8,	0.008710,
9,	0.005029,
10,	-0.007700,
11,	0.001101,
12,	0.073428,
13,	0.030337,
14,	-0.025257,
15,	-0.070781,
16,	0.044718,
17,	0.013390,
18,	0.054989,
19,	-0.020009,
20,	-0.012498,
21,	-0.089437,
22,	-0.011643,
23,	0.015275,
24,	-0.008894,
25,	0.014005,
26,	-0.012046,
27,	0.002966,
28,	0.022828,
29,	-0.015846,
30,	-0.010353,
31,	0.002945,
32,	-0.002037,
33,	0.014251,
34,	-0.013261,
35,	-0.002623,
36,	0.001669,
37,	0.020151,
38,	-0.003143,
39,	-0.011770,
40,	-0.001412,
41,	-0.013391,
42,	-0.004100,
43,	0.006582,
44,	-0.009034,
45,	-0.002193,
46,	0.000401,
47,	0.012337,
48,	-0.008580,
49,	-0.001835,
50,	0.000119,
51,	0.001354,
52,	0.009869,
53,	-0.006288,
54,	-0.001913,
55,	-0.000175,
56,	0.000917,
57,	0.002861,
58,	0.019911,
59,	-0.015121,
60,	0.000000,
