1,	-0.000540,
2,	-0.003841,
3,	-0.004376,
4,	-0.004493,
5,	-0.003073,
6,	0.002448,
7,	0.005477,
8,	0.005970,
9,	0.007695,
10,	0.010141,
11,	0.012371,
12,	0.014106,
13,	0.015187,
14,	0.015535,
15,	0.015269,
16,	0.014589,
17,	0.013666,
18,	0.012617,
19,	0.011519,
20,	0.010419,
21,	0.009344,
22,	0.008309,
23,	0.007322,
24,	0.006386,
25,	0.005504,
26,	0.004676,
27,	0.003900,
28,	0.003174,
29,	0.002496,
30,	0.001864,
31,	0.001273,
32,	0.000722,
33,	0.000207,
34,	-0.000275,
35,	-0.000725,
36,	-0.001147,
37,	-0.001542,
38,	-0.001912,
39,	-0.002260,
40,	-0.002586,
41,	-0.002893,
42,	-0.003183,
43,	-0.003455,
44,	-0.003712,
45,	-0.003955,
46,	-0.004185,
47,	-0.004404,
48,	-0.004611,
49,	-0.004809,
50,	-0.004997,
51,	-0.005177,
52,	-0.005350,
53,	-0.005516,
54,	-0.005676,
55,	-0.005830,
56,	-0.005979,
57,	-0.006124,
58,	-0.006264,
59,	-0.006400,
60,	0.000000,
