1,	-0.002350,
2,	-0.002940,
3,	-0.003219,
4,	-0.001737,
5,	0.010703,
6,	0.008857,
7,	0.006258,
8,	0.008710,
9,	0.005029,
10,	-0.007700,
11,	0.001101,
12,	0.073428,
13,	0.030337,
14,	-0.025257,
15,	-0.070781,
16,	0.044718,
17,	0.013390,
18,	0.054989,
19,	-0.020009,
20,	-0.012498,
21,	-0.089437,
22,	-0.011643,
23,	0.015275,
24,	-0.008894,
25,	0.014005,
26,	-0.012046,
27,	0.002966,
28,	0.022828,
29,	-0.015846,
30,	-0.010353,
31,	0.002945,
32,	-0.002037,
33,	0.014251,
34,	-0.013261,
35,	-0.002623,
36,	0.001669,
37,	0.020151,
38,	-0.003143,
39,	-0.011770,
40,	-0.001412,
41,	-0.013391,
42,	-0.004100,
43,	0.006582,
44,	-0.009034,
45,	-0.002193,
46,	0.000401,
47,	0.012337,
48,	-0.008580,
49,	-0.001835,
50,	0.000119,
51,	0.001354,
52,	0.009869,
53,	-0.006288,
54,	-0.001913,
55,	-0.000175,
56,	0.000917,
57,	0.002861,
58,	0.019911,
59,	-0.015121,
60,	-0.007020,
61,	-0.004390,
62,	-0.002648,
63,	-0.001374,
64,	-0.000239,
65,	0.004019,
66,	0.000344,
67,	-0.009402,
68,	-0.004403,
69,	-0.002627,
70,	-0.001461,
71,	-0.000614,
72,	0.000034,
73,	0.000557,
74,	0.001108,
75,	0.005390,
76,	0.236240,
77,	-0.082057,
78,	-0.027265,
79,	0.004016,
80,	-0.025797,
81,	-0.016525,
82,	-0.012117,
83,	-0.009265,
84,	-0.007203,
85,	-0.005621,
86,	-0.004361,
87,	-0.003320,
88,	-0.002317,
89,	0.018963,
90,	-0.014448,
91,	-0.007904,
92,	-0.005916,
93,	-0.004535,
94,	-0.003481,
95,	-0.002640,
96,	-0.001953,
97,	-0.001384,
98,	-0.000907,
99,	-0.000504,
100,	-0.000162,
101,	0.000131,
102,	0.000382,
103,	0.000601,
104,	0.000793,
105,	0.000973,
106,	0.001195,
107,	0.003609,
108,	-0.001050,
109,	-0.000686,
110,	-0.000371,
111,	-0.000096,
112,	0.000145,
113,	0.000360,
114,	0.000557,
115,	0.000768,
116,	0.003260,
117,	-0.000006,
118,	0.021831,
119,	-0.011698,
120,	-0.006082,
121,	-0.004764,
122,	-0.003843,
123,	-0.003125,
124,	-0.002538,
125,	-0.002045,
126,	-0.001624,
127,	-0.001260,
128,	-0.000942,
129,	-0.000663,
130,	-0.000418,
131,	-0.000200,
132,	-0.000006,
133,	0.000167,
134,	0.000322,
135,	0.000462,
136,	0.000591,
137,	0.000711,
138,	0.000835,
139,	0.001053,
140,	0.016687,
141,	-0.004026,
142,	-0.003246,
143,	-0.002657,
144,	-0.002180,
145,	-0.001780,
146,	-0.001438,
147,	-0.001140,
148,	-0.000878,
149,	-0.000647,
150,	-0.000441,
151,	-0.000257,
152,	-0.000092,
153,	0.000056,
154,	0.000191,
155,	0.000313,
156,	0.000423,
157,	0.000525,
158,	0.000618,
159,	0.000704,
160,	0.000787,
161,	0.000871,
162,	0.000982,
163,	0.004799,
164,	-0.003079,
165,	-0.002056,
166,	-0.001493,
167,	-0.001094,
168,	-0.000783,
169,	-0.000530,
170,	-0.000317,
171,	-0.000135,
172,	0.000024,
173,	0.000162,
174,	0.000285,
175,	0.000394,
176,	0.000492,
177,	0.000579,
178,	0.000658,
179,	0.000729,
180,	0.000793,
181,	0.000852,
182,	0.000905,
183,	0.000954,
184,	0.000999,
185,	0.001040,
186,	0.001078,
187,	0.001114,
188,	0.001148,
189,	0.001181,
190,	0.001217,
191,	0.001263,
192,	0.001387,
193,	0.012124,
194,	-0.004888,
195,	-0.000659,
196,	-0.000400,
197,	0.018384,
198,	-0.015098,
199,	-0.004272,
200,	-0.003932,
201,	-0.003620,
202,	-0.003332,
203,	-0.003066,
204,	-0.002819,
205,	-0.002590,
206,	-0.002376,
207,	-0.002177,
208,	-0.001990,
209,	-0.001816,
210,	-0.001652,
211,	-0.001499,
212,	-0.001355,
213,	-0.001219,
214,	-0.001091,
215,	-0.000971,
216,	-0.000858,
217,	-0.000751,
218,	-0.000651,
219,	-0.000556,
220,	-0.000466,
221,	-0.000381,
222,	-0.000301,
223,	-0.000225,
224,	-0.000154,
225,	-0.000086,
226,	-0.000022,
227,	0.000039,
228,	0.000096,
229,	0.000151,
230,	0.000202,
231,	0.000251,
232,	0.000298,
233,	0.000342,
234,	0.000384,
235,	0.000424,
236,	0.000463,
237,	0.000500,
238,	0.000536,
239,	0.000573,
240,	0.000613,
241,	0.000667,
242,	0.000874,
243,	0.024069,
244,	-0.002046,
245,	-0.001706,
246,	0.005643,
247,	-0.006382,
248,	-0.005304,
249,	-0.004672,
250,	-0.004198,
251,	-0.003811,
252,	-0.003481,
253,	-0.003192,
254,	-0.002934,
255,	-0.002701,
256,	-0.002489,
257,	-0.002294,
258,	-0.002114,
259,	-0.001947,
260,	-0.001792,
261,	-0.001647,
262,	-0.001511,
263,	-0.001384,
264,	-0.001264,
265,	-0.001152,
266,	-0.001046,
267,	-0.000946,
268,	-0.000851,
269,	-0.000761,
270,	-0.000677,
271,	-0.000597,
272,	-0.000520,
273,	-0.000448,
274,	-0.000380,
275,	-0.000315,
276,	-0.000253,
277,	-0.000194,
278,	-0.000138,
279,	-0.000085,
280,	-0.000034,
281,	0.000014,
282,	0.000060,
283,	0.000103,
284,	0.000145,
285,	0.000185,
286,	0.000223,
287,	0.000259,
288,	0.000293,
289,	0.000326,
290,	0.000357,
291,	0.000387,
292,	0.000415,
293,	0.000442,
294,	0.000468,
295,	0.000493,
296,	0.000516,
297,	0.000539,
298,	0.000560,
299,	0.000581,
300,	0.000601,
301,	0.000619,
302,	0.000637,
303,	0.000654,
304,	0.000670,
305,	0.000686,
306,	0.000701,
307,	0.000715,
308,	0.000728,
309,	0.000741,
310,	0.000753,
311,	0.000765,
312,	0.000776,
313,	0.000787,
314,	0.000797,
315,	0.000807,
316,	0.000816,
317,	0.000825,
318,	0.000834,
319,	0.000842,
320,	0.000850,
321,	0.000857,
322,	0.000864,
323,	0.000871,
324,	0.000877,
325,	0.000884,
326,	0.000889,
327,	0.000895,
328,	0.000900,
329,	0.000906,
330,	0.000911,
331,	0.000915,
332,	0.000920,
333,	0.000924,
334,	0.000928,
335,	0.000932,
336,	0.000936,
337,	0.000940,
338,	0.000944,
339,	0.000947,
340,	0.000951,
341,	0.000955,
342,	0.000959,
343,	0.000964,
344,	0.000969,
345,	0.000976,
346,	0.000987,
347,	0.001012,
348,	0.001173,
349,	0.024790,
350,	-0.005679,
351,	-0.001889,
352,	-0.001799,
353,	-0.001713,
354,	-0.001630,
355,	-0.001550,
356,	-0.001473,
357,	-0.001399,
358,	-0.001327,
359,	-0.001259,
360,	-0.001192,
361,	-0.001128,
362,	-0.001066,
363,	-0.001006,
364,	-0.000948,
365,	-0.000893,
366,	-0.000839,
367,	-0.000786,
368,	-0.000736,
369,	-0.000687,
370,	-0.000640,
371,	-0.000594,
372,	-0.000550,
373,	-0.000508,
374,	-0.000466,
375,	-0.000426,
376,	-0.000388,
377,	-0.000350,
378,	-0.000314,
379,	-0.000279,
380,	-0.000245,
381,	-0.000212,
382,	-0.000180,
383,	-0.000149,
384,	-0.000119,
385,	-0.000090,
386,	-0.000061,
387,	-0.000034,
388,	-0.000008,
389,	0.000018,
390,	0.000043,
391,	0.000067,
392,	0.000090,
393,	0.000113,
394,	0.000135,
395,	0.000156,
396,	0.000177,
397,	0.000197,
398,	0.000217,
399,	0.000236,
400,	0.000254,
401,	0.000272,
402,	0.000289,
403,	0.000306,
404,	0.000322,
405,	0.000338,
406,	0.000354,
407,	0.000369,
408,	0.000383,
409,	0.000398,
410,	0.000412,
411,	0.000425,
412,	0.000439,
413,	0.000452,
414,	0.000466,
415,	0.000480,
416,	0.000495,
417,	0.000513,
418,	0.000542,
419,	0.000649,
420,	0.013424,
421,	-0.001429,
422,	-0.001370,
423,	-0.001312,
424,	-0.001256,
425,	-0.001202,
426,	-0.001149,
427,	-0.001098,
428,	-0.001048,
429,	-0.001000,
430,	-0.000953,
431,	-0.000908,
432,	-0.000864,
433,	-0.000821,
434,	-0.000779,
435,	-0.000738,
436,	-0.000699,
437,	-0.000660,
438,	-0.000623,
439,	-0.000586,
440,	-0.000550,
441,	-0.000516,
442,	-0.000482,
443,	-0.000449,
444,	-0.000417,
445,	-0.000385,
446,	-0.000354,
447,	-0.000323,
448,	-0.000291,
449,	-0.000259,
450,	-0.000222,
451,	-0.000160,
452,	0.004745,
453,	-0.007285,
454,	-0.001027,
455,	-0.000983,
456,	-0.000939,
457,	-0.000897,
458,	-0.000856,
459,	-0.000817,
460,	-0.000778,
461,	-0.000740,
462,	-0.000704,
463,	-0.000668,
464,	-0.000633,
465,	-0.000600,
466,	-0.000567,
467,	-0.000535,
468,	-0.000503,
469,	-0.000473,
470,	-0.000443,
471,	-0.000414,
472,	-0.000386,
473,	-0.000359,
474,	-0.000332,
475,	-0.000306,
476,	-0.000281,
477,	-0.000256,
478,	-0.000232,
479,	-0.000208,
480,	-0.000185,
481,	-0.000163,
482,	-0.000141,
483,	-0.000120,
484,	-0.000099,
485,	-0.000079,
486,	-0.000059,
487,	-0.000040,
488,	-0.000021,
489,	-0.000003,
490,	0.000015,
491,	0.000033,
492,	0.000050,
493,	0.000066,
494,	0.000083,
495,	0.000098,
496,	0.000114,
497,	0.000129,
498,	0.000143,
499,	0.000158,
500,	0.000000,
