1,	-0.003210,
2,	-0.004635,
3,	-0.004764,
4,	-0.005344,
5,	-0.008385,
6,	0.003044,
7,	0.005206,
8,	0.002830,
9,	0.005484,
10,	0.006785,
11,	0.006759,
12,	0.005908,
13,	0.005476,
14,	0.003440,
15,	0.003825,
16,	0.008247,
17,	0.003674,
18,	0.000571,
19,	-0.001418,
20,	0.003735,
21,	0.003166,
22,	-0.008102,
23,	0.002513,
24,	-0.009113,
25,	0.000085,
26,	0.004858,
27,	-0.009822,
28,	-0.011024,
29,	0.004887,
30,	-0.009005,
31,	-0.006943,
32,	-0.006463,
33,	-0.005630,
34,	-0.008872,
35,	-0.014059,
36,	-0.008833,
37,	-0.001918,
38,	-0.009275,
39,	-0.009619,
40,	-0.008293,
41,	-0.006397,
42,	-0.005180,
43,	0.001007,
44,	-0.000621,
45,	-0.002233,
46,	-0.000849,
47,	0.007417,
48,	0.012049,
49,	-0.016369,
50,	-0.007971,
51,	-0.020437,
52,	0.000229,
53,	0.003810,
54,	-0.006095,
55,	0.003614,
56,	-0.002407,
57,	-0.021972,
58,	-0.009550,
59,	-0.004271,
60,	0.004603,
61,	-0.009949,
62,	-0.017157,
63,	-0.009265,
64,	-0.013318,
65,	-0.010869,
66,	-0.011025,
67,	-0.015204,
68,	-0.006253,
69,	-0.004462,
70,	0.001660,
71,	-0.016623,
72,	-0.010440,
73,	-0.002136,
74,	-0.013556,
75,	0.003060,
76,	-0.020786,
77,	-0.002677,
78,	-0.010442,
79,	-0.007339,
80,	-0.024493,
81,	-0.008992,
82,	0.002449,
83,	-0.023171,
84,	-0.016263,
85,	-0.006718,
86,	-0.017598,
87,	0.002912,
88,	-0.007777,
89,	-0.020625,
90,	-0.013641,
91,	-0.008936,
92,	-0.014732,
93,	-0.017661,
94,	-0.009480,
95,	0.016273,
96,	-0.021219,
97,	-0.015097,
98,	-0.004744,
99,	-0.013704,
100,	0.004726,
101,	-0.026155,
102,	-0.006811,
103,	-0.010505,
104,	-0.003907,
105,	-0.019208,
106,	-0.002139,
107,	-0.014462,
108,	-0.011546,
109,	-0.014081,
110,	-0.002527,
111,	-0.021691,
112,	0.005093,
113,	-0.010953,
114,	-0.018746,
115,	-0.003310,
116,	-0.014594,
117,	-0.017512,
118,	-0.012548,
119,	-0.007791,
120,	-0.019848,
121,	-0.013748,
122,	-0.003102,
123,	-0.007160,
124,	-0.014291,
125,	0.015140,
126,	-0.035591,
127,	-0.005242,
128,	-0.014374,
129,	-0.008921,
130,	-0.027692,
131,	-0.017702,
132,	-0.007022,
133,	-0.005687,
134,	-0.024345,
135,	-0.006969,
136,	-0.010024,
137,	-0.019615,
138,	-0.019778,
139,	0.010451,
140,	-0.019947,
141,	-0.019192,
142,	0.000567,
143,	-0.025526,
144,	-0.012634,
145,	-0.024310,
146,	-0.016423,
147,	-0.013652,
148,	-0.009473,
149,	-0.011990,
150,	-0.003155,
151,	-0.019252,
152,	-0.022661,
153,	-0.024586,
154,	-0.004459,
155,	-0.026714,
156,	-0.010157,
157,	0.004144,
158,	-0.021560,
159,	-0.010156,
160,	-0.001872,
161,	-0.016897,
162,	-0.026022,
163,	-0.020276,
164,	0.006181,
165,	-0.017377,
166,	-0.035176,
167,	-0.008402,
168,	-0.014423,
169,	-0.027669,
170,	-0.015665,
171,	-0.001540,
172,	-0.032855,
173,	-0.018904,
174,	-0.008433,
175,	-0.020639,
176,	-0.006076,
177,	-0.014693,
178,	-0.033980,
179,	-0.011077,
180,	-0.015815,
181,	-0.013535,
182,	-0.015006,
183,	-0.021456,
184,	-0.001941,
185,	-0.024489,
186,	-0.019102,
187,	-0.001524,
188,	-0.025584,
189,	-0.026785,
190,	-0.031283,
191,	-0.019880,
192,	-0.007481,
193,	-0.015364,
194,	-0.000150,
195,	-0.000468,
196,	-0.019859,
197,	-0.026428,
198,	-0.010317,
199,	-0.014106,
200,	-0.016729,
201,	-0.016108,
202,	-0.030359,
203,	-0.024267,
204,	-0.014525,
205,	-0.008356,
206,	-0.025479,
207,	-0.011284,
208,	-0.004570,
209,	-0.020913,
210,	-0.009030,
211,	-0.023322,
212,	-0.028930,
213,	-0.009275,
214,	-0.028218,
215,	-0.011021,
216,	-0.021412,
217,	-0.027020,
218,	-0.022401,
219,	0.007666,
220,	-0.018634,
221,	-0.011087,
222,	-0.015384,
223,	-0.027618,
224,	-0.021622,
225,	-0.023234,
226,	-0.018898,
227,	-0.022600,
228,	-0.025364,
229,	-0.010307,
230,	-0.005427,
231,	-0.002939,
232,	-0.025049,
233,	-0.009732,
234,	-0.022378,
235,	-0.003852,
236,	-0.027386,
237,	-0.022641,
238,	-0.032575,
239,	0.016055,
240,	-0.020426,
241,	-0.021015,
242,	-0.001785,
243,	-0.028443,
244,	-0.024136,
245,	-0.018043,
246,	-0.016147,
247,	-0.018543,
248,	-0.020471,
249,	-0.014875,
250,	-0.009361,
251,	-0.016273,
252,	0.003568,
253,	-0.001216,
254,	-0.023125,
255,	-0.011463,
256,	-0.019350,
257,	-0.009842,
258,	-0.012296,
259,	-0.005472,
260,	-0.005832,
261,	-0.025021,
262,	0.013572,
263,	0.005656,
264,	-0.006350,
265,	-0.027213,
266,	-0.024184,
267,	0.001238,
268,	-0.000077,
269,	-0.021441,
270,	-0.012791,
271,	0.003360,
272,	-0.024364,
273,	-0.002624,
274,	-0.013680,
275,	-0.017232,
276,	0.035989,
277,	-0.031680,
278,	-0.015888,
279,	-0.012129,
280,	-0.024355,
281,	-0.022517,
282,	-0.005262,
283,	-0.030890,
284,	-0.013531,
285,	0.002659,
286,	-0.023808,
287,	-0.016554,
288,	-0.029334,
289,	-0.004589,
290,	-0.007318,
291,	-0.009297,
292,	-0.019152,
293,	-0.010573,
294,	-0.015734,
295,	-0.015726,
296,	-0.023840,
297,	-0.015580,
298,	-0.033916,
299,	-0.000523,
300,	-0.002830,
301,	-0.028276,
302,	0.017213,
303,	-0.017714,
304,	-0.008106,
305,	0.017322,
306,	-0.017102,
307,	-0.026088,
308,	-0.026505,
309,	-0.009331,
310,	-0.028987,
311,	-0.008610,
312,	-0.016811,
313,	-0.013478,
314,	-0.016049,
315,	-0.013346,
316,	-0.015523,
317,	-0.006068,
318,	-0.007574,
319,	-0.036250,
320,	-0.010866,
321,	0.008039,
322,	-0.022841,
323,	-0.005420,
324,	-0.018167,
325,	-0.004398,
326,	-0.018267,
327,	-0.018790,
328,	0.018508,
329,	-0.018805,
330,	-0.005957,
331,	-0.020326,
332,	-0.012235,
333,	-0.005958,
334,	-0.012756,
335,	-0.015686,
336,	0.001299,
337,	-0.018368,
338,	-0.021452,
339,	-0.010660,
340,	-0.003932,
341,	-0.002292,
342,	-0.023501,
343,	-0.010365,
344,	-0.011003,
345,	-0.016474,
346,	-0.009745,
347,	-0.029310,
348,	-0.013649,
349,	-0.019123,
350,	-0.035219,
351,	0.001422,
352,	-0.029741,
353,	-0.011645,
354,	-0.003631,
355,	-0.013510,
356,	-0.003971,
357,	-0.005343,
358,	-0.013621,
359,	0.019201,
360,	-0.031745,
361,	-0.030591,
362,	-0.030514,
363,	-0.013522,
364,	-0.022178,
365,	-0.022858,
366,	-0.013369,
367,	-0.006801,
368,	-0.022542,
369,	-0.012235,
370,	-0.019555,
371,	-0.016545,
372,	-0.027649,
373,	-0.011958,
374,	0.004443,
375,	-0.020525,
376,	0.010582,
377,	-0.016524,
378,	0.007386,
379,	-0.032294,
380,	0.017497,
381,	-0.011046,
382,	-0.011608,
383,	-0.018404,
384,	0.002185,
385,	-0.035948,
386,	-0.025653,
387,	-0.017970,
388,	-0.012872,
389,	-0.022876,
390,	-0.028352,
391,	-0.004480,
392,	-0.009585,
393,	-0.021241,
394,	-0.002778,
395,	-0.026565,
396,	-0.017064,
397,	-0.014536,
398,	-0.010054,
399,	-0.023750,
400,	-0.010276,
401,	-0.006902,
402,	-0.022293,
403,	-0.029386,
404,	-0.029135,
405,	-0.000470,
406,	-0.027642,
407,	-0.005985,
408,	-0.023774,
409,	-0.009206,
410,	-0.021473,
411,	-0.022252,
412,	-0.011180,
413,	-0.014236,
414,	-0.015197,
415,	0.016525,
416,	-0.016851,
417,	-0.012971,
418,	-0.004690,
419,	-0.019646,
420,	-0.009484,
421,	-0.015869,
422,	-0.029634,
423,	-0.007824,
424,	-0.015624,
425,	-0.020872,
426,	-0.019683,
427,	-0.018470,
428,	-0.024377,
429,	0.007264,
430,	-0.014779,
431,	-0.001631,
432,	-0.006077,
433,	-0.006963,
434,	-0.010362,
435,	0.004712,
436,	-0.027971,
437,	0.003105,
438,	0.002839,
439,	0.012430,
440,	-0.017682,
441,	0.005678,
442,	-0.020522,
443,	-0.006856,
444,	-0.024959,
445,	-0.005973,
446,	0.001276,
447,	-0.035900,
448,	0.012422,
449,	-0.027693,
450,	-0.020263,
451,	-0.029511,
452,	-0.020545,
453,	0.002783,
454,	-0.019882,
455,	-0.027962,
456,	-0.003387,
457,	-0.010345,
458,	-0.021216,
459,	-0.023206,
460,	-0.018039,
461,	-0.003908,
462,	-0.010166,
463,	-0.027538,
464,	-0.026321,
465,	0.002845,
466,	-0.020115,
467,	-0.031700,
468,	0.012214,
469,	-0.024798,
470,	-0.000918,
471,	-0.010727,
472,	0.012086,
473,	-0.001080,
474,	-0.016245,
475,	-0.016358,
476,	-0.022747,
477,	0.015816,
478,	-0.005021,
479,	-0.005284,
480,	-0.008107,
481,	-0.013521,
482,	-0.046959,
483,	-0.009193,
484,	0.005487,
485,	-0.017695,
486,	-0.021476,
487,	-0.017487,
488,	-0.001814,
489,	0.021645,
490,	-0.010909,
491,	-0.027589,
492,	-0.001477,
493,	-0.018473,
494,	-0.014941,
495,	0.003089,
496,	-0.002925,
497,	-0.023836,
498,	-0.004747,
499,	0.002970,
500,	0.000000,
