1,	-0.002350,
2,	-0.002940,
3,	-0.003219,
4,	-0.001737,
5,	0.010703,
6,	0.008857,
7,	0.006258,
8,	0.008710,
9,	0.005029,
10,	-0.007700,
11,	0.001101,
12,	0.073428,
13,	0.030337,
14,	-0.025257,
15,	-0.070781,
16,	0.044718,
17,	0.013390,
18,	0.054989,
19,	-0.020009,
20,	-0.012498,
21,	-0.089437,
22,	-0.011643,
23,	0.015275,
24,	-0.008894,
25,	0.014005,
26,	-0.012046,
27,	0.002966,
28,	0.022828,
29,	-0.015846,
30,	-0.010353,
31,	0.002945,
32,	-0.002037,
33,	0.014251,
34,	-0.013261,
35,	-0.002623,
36,	0.001669,
37,	0.020151,
38,	-0.003143,
39,	-0.011770,
40,	-0.001412,
41,	-0.013391,
42,	-0.004100,
43,	0.006582,
44,	-0.009034,
45,	-0.002193,
46,	0.000401,
47,	0.012337,
48,	-0.008580,
49,	-0.001835,
50,	0.000119,
51,	0.001354,
52,	0.009869,
53,	-0.006288,
54,	-0.001913,
55,	-0.000175,
56,	0.000917,
57,	0.002861,
58,	0.019911,
59,	-0.015121,
60,	-0.007020,
61,	-0.004390,
62,	-0.002648,
63,	-0.001374,
64,	-0.000239,
65,	0.004019,
66,	0.000344,
67,	-0.009402,
68,	-0.004403,
69,	-0.002627,
70,	-0.001461,
71,	-0.000614,
72,	0.000034,
73,	0.000557,
74,	0.001108,
75,	0.005390,
76,	0.236240,
77,	-0.082057,
78,	-0.027265,
79,	0.004016,
80,	-0.025797,
81,	-0.016525,
82,	-0.012117,
83,	-0.009265,
84,	-0.007203,
85,	-0.005621,
86,	-0.004361,
87,	-0.003320,
88,	-0.002317,
89,	0.018963,
90,	-0.014448,
91,	-0.007904,
92,	-0.005916,
93,	-0.004535,
94,	-0.003481,
95,	-0.002640,
96,	-0.001953,
97,	-0.001384,
98,	-0.000907,
99,	-0.000504,
100,	-0.000162,
101,	0.000131,
102,	0.000382,
103,	0.000601,
104,	0.000793,
105,	0.000973,
106,	0.001195,
107,	0.003609,
108,	-0.001050,
109,	-0.000686,
110,	-0.000371,
111,	-0.000096,
112,	0.000145,
113,	0.000360,
114,	0.000557,
115,	0.000768,
116,	0.003260,
117,	-0.000006,
118,	0.021831,
119,	-0.011698,
120,	0.000000,
