1,	-0.002471,
2,	-0.003545,
3,	-0.005243,
4,	0.005296,
5,	0.009233,
6,	0.004159,
7,	0.007233,
8,	0.002337,
9,	0.002182,
10,	0.007668,
11,	-0.015102,
12,	0.024364,
13,	0.013179,
14,	0.057698,
15,	0.012954,
16,	-0.038048,
17,	0.003916,
18,	0.047917,
19,	0.008121,
20,	-0.007991,
21,	0.008572,
22,	-0.079315,
23,	0.035268,
24,	-0.007281,
25,	-0.047614,
26,	-0.011644,
27,	0.003585,
28,	-0.019790,
29,	-0.001694,
30,	0.008263,
31,	-0.015519,
32,	0.003622,
33,	-0.008289,
34,	0.002701,
35,	-0.007393,
36,	0.000414,
37,	0.007011,
38,	0.009069,
39,	-0.005829,
40,	-0.013214,
41,	-0.003844,
42,	0.005967,
43,	-0.011109,
44,	-0.002472,
45,	0.000256,
46,	0.009924,
47,	-0.010756,
48,	-0.003071,
49,	-0.000622,
50,	0.001993,
51,	0.028151,
52,	-0.019731,
53,	-0.009726,
54,	-0.005895,
55,	0.001356,
56,	-0.009677,
57,	-0.004037,
58,	-0.001883,
59,	-0.000490,
60,	0.000000,
