1,	-0.000540,
2,	-0.003841,
3,	-0.004376,
4,	-0.004493,
5,	-0.003073,
6,	0.002448,
7,	0.005477,
8,	0.005970,
9,	0.007695,
10,	0.010141,
11,	0.012371,
12,	0.014106,
13,	0.015187,
14,	0.015535,
15,	0.015269,
16,	0.014589,
17,	0.013666,
18,	0.012617,
19,	0.011519,
20,	0.010419,
21,	0.009344,
22,	0.008309,
23,	0.007322,
24,	0.006386,
25,	0.005504,
26,	0.004676,
27,	0.003900,
28,	0.003174,
29,	0.002496,
30,	0.001864,
31,	0.001273,
32,	0.000722,
33,	0.000207,
34,	-0.000275,
35,	-0.000725,
36,	-0.001147,
37,	-0.001542,
38,	-0.001912,
39,	-0.002260,
40,	-0.002586,
41,	-0.002893,
42,	-0.003183,
43,	-0.003455,
44,	-0.003712,
45,	-0.003955,
46,	-0.004185,
47,	-0.004404,
48,	-0.004611,
49,	-0.004809,
50,	-0.004997,
51,	-0.005177,
52,	-0.005350,
53,	-0.005516,
54,	-0.005676,
55,	-0.005830,
56,	-0.005979,
57,	-0.006124,
58,	-0.006264,
59,	-0.006400,
60,	-0.006534,
61,	-0.006664,
62,	-0.006792,
63,	-0.006918,
64,	-0.007041,
65,	-0.007164,
66,	-0.007284,
67,	-0.007404,
68,	-0.007523,
69,	-0.007641,
70,	-0.007758,
71,	-0.007875,
72,	-0.007992,
73,	-0.008108,
74,	-0.008225,
75,	-0.008341,
76,	-0.008456,
77,	-0.008572,
78,	-0.008687,
79,	-0.008803,
80,	-0.008917,
81,	-0.009032,
82,	-0.009146,
83,	-0.009260,
84,	-0.009374,
85,	-0.009487,
86,	-0.009599,
87,	-0.009711,
88,	-0.009822,
89,	-0.009933,
90,	-0.010042,
91,	-0.010151,
92,	-0.010258,
93,	-0.010365,
94,	-0.010470,
95,	-0.010575,
96,	-0.010678,
97,	-0.010780,
98,	-0.010881,
99,	-0.010981,
100,	-0.011079,
101,	-0.011176,
102,	-0.011272,
103,	-0.011366,
104,	-0.011459,
105,	-0.011551,
106,	-0.011642,
107,	-0.011731,
108,	-0.011819,
109,	-0.011905,
110,	-0.011991,
111,	-0.012075,
112,	-0.012157,
113,	-0.012239,
114,	-0.012319,
115,	-0.012397,
116,	-0.012475,
117,	-0.012552,
118,	-0.012627,
119,	-0.012701,
120,	-0.012774,
121,	-0.012846,
122,	-0.012917,
123,	-0.012987,
124,	-0.013055,
125,	-0.013123,
126,	-0.013190,
127,	-0.013256,
128,	-0.013321,
129,	-0.013385,
130,	-0.013449,
131,	-0.013511,
132,	-0.013573,
133,	-0.013634,
134,	-0.013695,
135,	-0.013754,
136,	-0.013813,
137,	-0.013870,
138,	-0.013927,
139,	-0.013983,
140,	-0.014038,
141,	-0.014092,
142,	-0.014145,
143,	-0.014196,
144,	-0.014246,
145,	-0.014294,
146,	-0.014340,
147,	-0.014384,
148,	-0.014426,
149,	-0.014465,
150,	-0.014502,
151,	-0.014536,
152,	-0.014567,
153,	-0.014595,
154,	-0.014620,
155,	-0.014642,
156,	-0.014661,
157,	-0.014677,
158,	-0.014690,
159,	-0.014702,
160,	-0.014711,
161,	-0.014720,
162,	-0.014728,
163,	-0.014736,
164,	-0.014744,
165,	-0.014753,
166,	-0.014763,
167,	-0.014774,
168,	-0.014787,
169,	-0.014801,
170,	-0.014817,
171,	-0.014834,
172,	-0.014852,
173,	-0.014872,
174,	-0.014893,
175,	-0.014915,
176,	-0.014938,
177,	-0.014961,
178,	-0.014986,
179,	-0.015011,
180,	-0.015037,
181,	-0.015064,
182,	-0.015091,
183,	-0.015119,
184,	-0.015147,
185,	-0.015175,
186,	-0.015204,
187,	-0.015233,
188,	-0.015262,
189,	-0.015291,
190,	-0.015320,
191,	-0.015350,
192,	-0.015379,
193,	-0.015408,
194,	-0.015436,
195,	-0.015464,
196,	-0.015492,
197,	-0.015519,
198,	-0.015545,
199,	-0.015571,
200,	-0.015596,
201,	-0.015619,
202,	-0.015642,
203,	-0.015664,
204,	-0.015684,
205,	-0.015704,
206,	-0.015722,
207,	-0.015739,
208,	-0.015755,
209,	-0.015770,
210,	-0.015783,
211,	-0.015796,
212,	-0.015807,
213,	-0.015816,
214,	-0.015825,
215,	-0.015833,
216,	-0.015840,
217,	-0.015846,
218,	-0.015851,
219,	-0.015855,
220,	-0.015858,
221,	-0.015861,
222,	-0.015864,
223,	-0.015865,
224,	-0.015867,
225,	-0.015868,
226,	-0.015869,
227,	-0.015869,
228,	-0.015870,
229,	-0.015870,
230,	-0.015871,
231,	-0.015871,
232,	-0.015872,
233,	-0.015873,
234,	-0.015874,
235,	-0.015875,
236,	-0.015876,
237,	-0.015878,
238,	-0.015880,
239,	-0.015882,
240,	-0.015885,
241,	-0.015888,
242,	-0.015892,
243,	-0.015897,
244,	-0.015901,
245,	-0.015907,
246,	-0.015912,
247,	-0.015919,
248,	-0.015926,
249,	-0.015933,
250,	-0.015941,
251,	-0.015950,
252,	-0.015959,
253,	-0.015969,
254,	-0.015979,
255,	-0.015990,
256,	-0.016001,
257,	-0.016013,
258,	-0.016025,
259,	-0.016037,
260,	-0.016049,
261,	-0.016062,
262,	-0.016075,
263,	-0.016087,
264,	-0.016100,
265,	-0.016112,
266,	-0.016125,
267,	-0.016136,
268,	-0.016148,
269,	-0.016159,
270,	-0.016170,
271,	-0.016180,
272,	-0.016190,
273,	-0.016199,
274,	-0.016208,
275,	-0.016216,
276,	-0.016223,
277,	-0.016230,
278,	-0.016236,
279,	-0.016242,
280,	-0.016247,
281,	-0.016252,
282,	-0.016256,
283,	-0.016259,
284,	-0.016262,
285,	-0.016265,
286,	-0.016267,
287,	-0.016268,
288,	-0.016269,
289,	-0.016270,
290,	-0.016270,
291,	-0.016270,
292,	-0.016269,
293,	-0.016268,
294,	-0.016267,
295,	-0.016265,
296,	-0.016263,
297,	-0.016260,
298,	-0.016257,
299,	-0.016254,
300,	-0.016250,
301,	-0.016247,
302,	-0.016242,
303,	-0.016238,
304,	-0.016233,
305,	-0.016228,
306,	-0.016223,
307,	-0.016217,
308,	-0.016211,
309,	-0.016205,
310,	-0.016199,
311,	-0.016192,
312,	-0.016186,
313,	-0.016179,
314,	-0.016172,
315,	-0.016164,
316,	-0.016157,
317,	-0.016150,
318,	-0.016142,
319,	-0.016134,
320,	-0.016126,
321,	-0.016119,
322,	-0.016111,
323,	-0.016103,
324,	-0.016095,
325,	-0.016087,
326,	-0.016079,
327,	-0.016072,
328,	-0.016064,
329,	-0.016057,
330,	-0.016049,
331,	-0.016042,
332,	-0.016035,
333,	-0.016029,
334,	-0.016023,
335,	-0.016017,
336,	-0.016011,
337,	-0.016006,
338,	-0.016001,
339,	-0.015997,
340,	-0.015994,
341,	-0.015991,
342,	-0.015988,
343,	-0.015987,
344,	-0.015986,
345,	-0.015986,
346,	-0.015987,
347,	-0.015988,
348,	-0.015989,
349,	-0.015990,
350,	-0.015991,
351,	-0.015991,
352,	-0.015988,
353,	-0.015979,
354,	-0.015959,
355,	-0.015914,
356,	-0.015799,
357,	-0.015466,
358,	-0.014622,
359,	-0.015904,
360,	-0.014666,
361,	-0.016903,
362,	-0.014671,
363,	-0.016886,
364,	-0.014637,
365,	-0.017024,
366,	-0.014607,
367,	-0.017090,
368,	-0.014550,
369,	-0.017159,
370,	-0.014483,
371,	-0.017244,
372,	-0.014421,
373,	-0.017356,
374,	-0.014390,
375,	-0.017476,
376,	-0.014409,
377,	-0.017572,
378,	-0.014482,
379,	-0.017628,
380,	-0.014577,
381,	-0.017650,
382,	-0.014657,
383,	-0.017655,
384,	-0.014729,
385,	-0.017645,
386,	-0.014790,
387,	-0.017626,
388,	-0.014848,
389,	-0.017597,
390,	-0.014895,
391,	-0.017563,
392,	-0.014948,
393,	-0.017516,
394,	-0.014977,
395,	-0.017477,
396,	-0.015052,
397,	-0.017401,
398,	-0.015014,
399,	-0.017394,
400,	-0.015246,
401,	-0.017201,
402,	-0.014814,
403,	-0.017451,
404,	-0.016037,
405,	-0.016598,
406,	-0.015155,
407,	-0.017122,
408,	-0.015287,
409,	-0.016997,
410,	-0.015140,
411,	-0.017050,
412,	-0.015667,
413,	-0.016687,
414,	-0.015147,
415,	-0.016940,
416,	-0.015847,
417,	-0.016440,
418,	-0.015825,
419,	-0.016392,
420,	-0.015889,
421,	-0.016284,
422,	-0.015995,
423,	-0.016162,
424,	-0.016052,
425,	-0.016098,
426,	-0.016071,
427,	-0.016074,
428,	-0.016066,
429,	-0.016060,
430,	-0.016053,
431,	-0.016045,
432,	-0.016035,
433,	-0.016025,
434,	-0.016013,
435,	-0.016001,
436,	-0.015987,
437,	-0.015974,
438,	-0.015960,
439,	-0.015946,
440,	-0.015932,
441,	-0.015919,
442,	-0.015906,
443,	-0.015894,
444,	-0.015883,
445,	-0.015874,
446,	-0.015865,
447,	-0.015859,
448,	-0.015854,
449,	-0.015851,
450,	-0.015850,
451,	-0.015851,
452,	-0.015854,
453,	-0.015860,
454,	-0.015868,
455,	-0.015878,
456,	-0.015890,
457,	-0.015905,
458,	-0.015922,
459,	-0.015941,
460,	-0.015963,
461,	-0.015988,
462,	-0.016014,
463,	-0.016044,
464,	-0.016075,
465,	-0.016108,
466,	-0.016141,
467,	-0.016173,
468,	-0.016202,
469,	-0.016228,
470,	-0.016252,
471,	-0.016275,
472,	-0.016305,
473,	-0.016340,
474,	-0.016373,
475,	-0.016399,
476,	-0.016420,
477,	-0.016435,
478,	-0.016447,
479,	-0.016455,
480,	-0.016461,
481,	-0.016462,
482,	-0.016465,
483,	-0.016457,
484,	-0.016463,
485,	-0.016434,
486,	-0.016473,
487,	-0.016359,
488,	-0.016535,
489,	-0.016125,
490,	-0.016798,
491,	-0.013456,
492,	-0.019908,
493,	-0.011586,
494,	-0.021190,
495,	-0.014179,
496,	-0.019174,
497,	-0.015394,
498,	-0.017681,
499,	-0.016524,
500,	0.000000,
