1,	-0.000540,
2,	-0.003841,
3,	-0.004376,
4,	-0.004493,
5,	-0.003073,
6,	0.002448,
7,	0.005477,
8,	0.005970,
9,	0.007695,
10,	0.010141,
11,	0.012371,
12,	0.014106,
13,	0.015187,
14,	0.015535,
15,	0.015269,
16,	0.014589,
17,	0.013666,
18,	0.012617,
19,	0.011519,
20,	0.010419,
21,	0.009344,
22,	0.008309,
23,	0.007322,
24,	0.006386,
25,	0.005504,
26,	0.004676,
27,	0.003900,
28,	0.003174,
29,	0.002496,
30,	0.001864,
31,	0.001273,
32,	0.000722,
33,	0.000207,
34,	-0.000275,
35,	-0.000725,
36,	-0.001147,
37,	-0.001542,
38,	-0.001912,
39,	-0.002260,
40,	-0.002586,
41,	-0.002893,
42,	-0.003183,
43,	-0.003455,
44,	-0.003712,
45,	-0.003955,
46,	-0.004185,
47,	-0.004404,
48,	-0.004611,
49,	-0.004809,
50,	-0.004997,
51,	-0.005177,
52,	-0.005350,
53,	-0.005516,
54,	-0.005676,
55,	-0.005830,
56,	-0.005979,
57,	-0.006124,
58,	-0.006264,
59,	-0.006400,
60,	-0.006534,
61,	-0.006664,
62,	-0.006792,
63,	-0.006918,
64,	-0.007041,
65,	-0.007164,
66,	-0.007284,
67,	-0.007404,
68,	-0.007523,
69,	-0.007641,
70,	-0.007758,
71,	-0.007875,
72,	-0.007992,
73,	-0.008108,
74,	-0.008225,
75,	-0.008341,
76,	-0.008456,
77,	-0.008572,
78,	-0.008687,
79,	-0.008803,
80,	-0.008917,
81,	-0.009032,
82,	-0.009146,
83,	-0.009260,
84,	-0.009374,
85,	-0.009487,
86,	-0.009599,
87,	-0.009711,
88,	-0.009822,
89,	-0.009933,
90,	-0.010042,
91,	-0.010151,
92,	-0.010258,
93,	-0.010365,
94,	-0.010470,
95,	-0.010575,
96,	-0.010678,
97,	-0.010780,
98,	-0.010881,
99,	-0.010981,
100,	-0.011079,
101,	-0.011176,
102,	-0.011272,
103,	-0.011366,
104,	-0.011459,
105,	-0.011551,
106,	-0.011642,
107,	-0.011731,
108,	-0.011819,
109,	-0.011905,
110,	-0.011991,
111,	-0.012075,
112,	-0.012157,
113,	-0.012239,
114,	-0.012319,
115,	-0.012397,
116,	-0.012475,
117,	-0.012552,
118,	-0.012627,
119,	-0.012701,
120,	-0.012774,
121,	-0.012846,
122,	-0.012917,
123,	-0.012987,
124,	-0.013055,
125,	-0.013123,
126,	-0.013190,
127,	-0.013256,
128,	-0.013321,
129,	-0.013385,
130,	-0.013449,
131,	-0.013511,
132,	-0.013573,
133,	-0.013634,
134,	-0.013695,
135,	-0.013754,
136,	-0.013813,
137,	-0.013870,
138,	-0.013927,
139,	-0.013983,
140,	-0.014038,
141,	-0.014092,
142,	-0.014145,
143,	-0.014196,
144,	-0.014246,
145,	-0.014294,
146,	-0.014340,
147,	-0.014384,
148,	-0.014426,
149,	-0.014465,
150,	-0.014502,
151,	-0.014536,
152,	-0.014567,
153,	-0.014595,
154,	-0.014620,
155,	-0.014642,
156,	-0.014661,
157,	-0.014677,
158,	-0.014690,
159,	-0.014702,
160,	-0.014711,
161,	-0.014720,
162,	-0.014728,
163,	-0.014736,
164,	-0.014744,
165,	-0.014753,
166,	-0.014763,
167,	-0.014774,
168,	-0.014787,
169,	-0.014801,
170,	-0.014817,
171,	-0.014834,
172,	-0.014852,
173,	-0.014872,
174,	-0.014893,
175,	-0.014915,
176,	-0.014938,
177,	-0.014961,
178,	-0.014986,
179,	-0.015011,
180,	-0.015037,
181,	-0.015064,
182,	-0.015091,
183,	-0.015119,
184,	-0.015147,
185,	-0.015175,
186,	-0.015204,
187,	-0.015233,
188,	-0.015262,
189,	-0.015291,
190,	-0.015320,
191,	-0.015350,
192,	-0.015379,
193,	-0.015408,
194,	-0.015436,
195,	-0.015464,
196,	-0.015492,
197,	-0.015519,
198,	-0.015545,
199,	-0.015571,
200,	-0.015596,
201,	-0.015619,
202,	-0.015642,
203,	-0.015664,
204,	-0.015684,
205,	-0.015704,
206,	-0.015722,
207,	-0.015739,
208,	-0.015755,
209,	-0.015770,
210,	-0.015783,
211,	-0.015796,
212,	-0.015807,
213,	-0.015816,
214,	-0.015825,
215,	-0.015833,
216,	-0.015840,
217,	-0.015846,
218,	-0.015851,
219,	-0.015855,
220,	-0.015858,
221,	-0.015861,
222,	-0.015864,
223,	-0.015865,
224,	-0.015867,
225,	-0.015868,
226,	-0.015869,
227,	-0.015869,
228,	-0.015870,
229,	-0.015870,
230,	-0.015871,
231,	-0.015871,
232,	-0.015872,
233,	-0.015873,
234,	-0.015874,
235,	-0.015875,
236,	-0.015876,
237,	-0.015878,
238,	-0.015880,
239,	-0.015882,
240,	0.000000,
