1,	-0.001610,
2,	-0.002891,
3,	-0.002869,
4,	-0.002857,
5,	-0.002917,
6,	-0.003140,
7,	0.012761,
8,	0.001726,
9,	-0.001799,
10,	0.001631,
11,	0.002804,
12,	0.004484,
13,	-0.003112,
14,	0.003713,
15,	-0.001880,
16,	0.019396,
17,	-0.001084,
18,	0.019592,
19,	-0.002209,
20,	0.029971,
21,	-0.011176,
22,	0.031296,
23,	0.000426,
24,	0.012685,
25,	0.020657,
26,	0.014341,
27,	-0.007605,
28,	0.014632,
29,	-0.000821,
30,	-0.020589,
31,	0.022481,
32,	0.018271,
33,	0.000477,
34,	0.005315,
35,	-0.070754,
36,	-0.028568,
37,	-0.033025,
38,	-0.017488,
39,	-0.018434,
40,	-0.019857,
41,	-0.004597,
42,	-0.013409,
43,	-0.014584,
44,	0.013912,
45,	-0.008035,
46,	-0.017595,
47,	0.002966,
48,	-0.015399,
49,	0.032426,
50,	-0.006655,
51,	-0.021634,
52,	-0.017026,
53,	0.012058,
54,	-0.009935,
55,	-0.028391,
56,	-0.016715,
57,	-0.023382,
58,	-0.010798,
59,	-0.010615,
60,	-0.016295,
61,	-0.002723,
62,	-0.013625,
63,	0.003478,
64,	-0.015086,
65,	-0.006630,
66,	0.049257,
67,	-0.016553,
68,	-0.023412,
69,	-0.007679,
70,	-0.017423,
71,	0.000375,
72,	-0.017484,
73,	-0.009003,
74,	0.090002,
75,	-0.023273,
76,	-0.025301,
77,	-0.027110,
78,	-0.016512,
79,	-0.015257,
80,	-0.023442,
81,	-0.006258,
82,	-0.017577,
83,	0.000329,
84,	-0.008841,
85,	-0.020642,
86,	-0.003603,
87,	-0.017716,
88,	-0.010306,
89,	-0.002446,
90,	0.012313,
91,	-0.020456,
92,	-0.010872,
93,	-0.014052,
94,	0.019147,
95,	-0.021931,
96,	0.000028,
97,	-0.006832,
98,	-0.013718,
99,	-0.016063,
100,	-0.012650,
101,	-0.026876,
102,	-0.009383,
103,	-0.021493,
104,	-0.007815,
105,	-0.019035,
106,	-0.002766,
107,	-0.021228,
108,	-0.013141,
109,	-0.002800,
110,	-0.014290,
111,	-0.001416,
112,	0.060840,
113,	-0.021985,
114,	-0.016501,
115,	-0.012207,
116,	-0.014857,
117,	-0.025988,
118,	0.030703,
119,	-0.022720,
120,	-0.022434,
121,	-0.028475,
122,	0.001423,
123,	-0.024863,
124,	0.033914,
125,	-0.017842,
126,	-0.012529,
127,	-0.024852,
128,	-0.022212,
129,	-0.018312,
130,	-0.022205,
131,	-0.000419,
132,	-0.026740,
133,	0.010355,
134,	-0.018714,
135,	-0.000306,
136,	-0.014175,
137,	-0.025579,
138,	-0.023847,
139,	0.020338,
140,	-0.026960,
141,	-0.028911,
142,	0.032625,
143,	-0.019280,
144,	-0.020800,
145,	-0.026896,
146,	-0.012746,
147,	-0.020098,
148,	-0.022408,
149,	-0.029176,
150,	-0.012668,
151,	0.007297,
152,	-0.027421,
153,	0.011144,
154,	-0.008402,
155,	-0.006599,
156,	-0.030806,
157,	-0.014865,
158,	-0.017267,
159,	-0.014721,
160,	-0.026261,
161,	-0.020620,
162,	-0.019136,
163,	-0.020846,
164,	-0.028451,
165,	-0.011106,
166,	-0.021794,
167,	-0.010947,
168,	-0.024314,
169,	-0.016122,
170,	0.013943,
171,	0.011618,
172,	-0.018511,
173,	-0.029580,
174,	-0.011546,
175,	0.053396,
176,	0.016633,
177,	-0.010134,
178,	-0.031164,
179,	-0.026923,
180,	-0.013698,
181,	-0.026143,
182,	-0.013899,
183,	-0.034335,
184,	0.014893,
185,	-0.022113,
186,	-0.023667,
187,	0.014546,
188,	-0.010038,
189,	0.009097,
190,	-0.003395,
191,	-0.045069,
192,	-0.038777,
193,	-0.029136,
194,	-0.022147,
195,	-0.019877,
196,	-0.019966,
197,	-0.019054,
198,	-0.027696,
199,	-0.013351,
200,	-0.006688,
201,	-0.016518,
202,	-0.009743,
203,	-0.013817,
204,	-0.034929,
205,	-0.000943,
206,	0.021960,
207,	-0.016694,
208,	-0.021294,
209,	-0.035552,
210,	0.003317,
211,	-0.044017,
212,	-0.017080,
213,	-0.013361,
214,	-0.024487,
215,	-0.012150,
216,	-0.027405,
217,	-0.027099,
218,	-0.024531,
219,	-0.024451,
220,	-0.020922,
221,	-0.018628,
222,	-0.019103,
223,	-0.025791,
224,	0.012072,
225,	-0.022231,
226,	-0.026986,
227,	0.022621,
228,	-0.021193,
229,	-0.029324,
230,	0.005327,
231,	-0.026405,
232,	0.006323,
233,	-0.017721,
234,	-0.029497,
235,	0.001156,
236,	-0.017963,
237,	-0.027868,
238,	0.002641,
239,	-0.021832,
240,	-0.028719,
241,	-0.000455,
242,	0.041498,
243,	-0.025406,
244,	-0.018578,
245,	-0.031502,
246,	-0.028858,
247,	-0.024611,
248,	0.060144,
249,	-0.033751,
250,	-0.020160,
251,	-0.029083,
252,	-0.028522,
253,	-0.018157,
254,	-0.022573,
255,	-0.027343,
256,	0.078533,
257,	-0.032216,
258,	-0.029346,
259,	-0.024468,
260,	-0.022544,
261,	-0.014181,
262,	-0.015889,
263,	-0.021899,
264,	-0.026105,
265,	0.038887,
266,	-0.023076,
267,	-0.027013,
268,	-0.014146,
269,	-0.014209,
270,	-0.026911,
271,	0.011204,
272,	-0.009805,
273,	-0.019161,
274,	-0.029233,
275,	-0.000204,
276,	-0.023174,
277,	0.002442,
278,	-0.022768,
279,	-0.029844,
280,	0.004963,
281,	0.019694,
282,	0.065817,
283,	0.005919,
284,	0.055091,
285,	0.022190,
286,	-0.023232,
287,	-0.045618,
288,	0.003979,
289,	0.035274,
290,	0.010397,
291,	-0.066899,
292,	0.022182,
293,	0.001142,
294,	-0.016156,
295,	0.033219,
296,	-0.080504,
297,	-0.000156,
298,	0.010671,
299,	0.023986,
300,	-0.042351,
301,	-0.001123,
302,	0.020385,
303,	-0.005720,
304,	-0.047435,
305,	-0.030548,
306,	0.022654,
307,	0.039233,
308,	-0.029856,
309,	0.058307,
310,	-0.044278,
311,	0.006643,
312,	0.058646,
313,	-0.045743,
314,	0.017634,
315,	-0.043086,
316,	-0.013254,
317,	0.057294,
318,	-0.042759,
319,	-0.006446,
320,	0.056479,
321,	-0.102619,
322,	-0.017914,
323,	-0.011162,
324,	0.022241,
325,	0.011637,
326,	0.040514,
327,	-0.086724,
328,	0.018453,
329,	0.015021,
330,	-0.044862,
331,	0.008007,
332,	0.046175,
333,	-0.076476,
334,	-0.018244,
335,	0.007665,
336,	-0.023991,
337,	-0.041678,
338,	-0.036099,
339,	-0.021965,
340,	-0.009727,
341,	-0.017992,
342,	-0.027664,
343,	-0.031787,
344,	-0.008354,
345,	-0.020214,
346,	-0.028598,
347,	0.036215,
348,	-0.024870,
349,	0.001936,
350,	0.006214,
351,	-0.020276,
352,	-0.027639,
353,	-0.024738,
354,	-0.019545,
355,	-0.004347,
356,	-0.012624,
357,	-0.037551,
358,	-0.025037,
359,	-0.024162,
360,	-0.021639,
361,	-0.019411,
362,	-0.021516,
363,	-0.013833,
364,	-0.016579,
365,	-0.020519,
366,	-0.016166,
367,	-0.014102,
368,	-0.017393,
369,	-0.002771,
370,	-0.020247,
371,	-0.015413,
372,	-0.024481,
373,	0.002296,
374,	-0.009935,
375,	-0.026118,
376,	0.057099,
377,	-0.019052,
378,	0.000502,
379,	-0.030982,
380,	-0.019914,
381,	-0.021719,
382,	-0.030145,
383,	-0.001847,
384,	-0.025056,
385,	-0.028381,
386,	-0.001230,
387,	-0.024592,
388,	-0.010657,
389,	0.010401,
390,	-0.023144,
391,	-0.026402,
392,	-0.013132,
393,	-0.026012,
394,	-0.008926,
395,	-0.024352,
396,	-0.013536,
397,	-0.006524,
398,	-0.023217,
399,	-0.014182,
400,	0.070915,
401,	-0.022203,
402,	-0.016964,
403,	-0.015567,
404,	-0.024567,
405,	-0.016451,
406,	-0.023494,
407,	-0.010929,
408,	-0.022122,
409,	-0.012709,
410,	-0.018402,
411,	0.015459,
412,	-0.023199,
413,	0.015912,
414,	0.040605,
415,	-0.034810,
416,	-0.028243,
417,	-0.008416,
418,	-0.027024,
419,	-0.020407,
420,	-0.028360,
421,	-0.014022,
422,	-0.009249,
423,	-0.022273,
424,	-0.025286,
425,	0.019189,
426,	-0.022191,
427,	-0.027547,
428,	0.031663,
429,	-0.026963,
430,	-0.020917,
431,	-0.030136,
432,	0.007564,
433,	-0.019838,
434,	-0.015706,
435,	-0.028613,
436,	0.063690,
437,	0.019444,
438,	-0.045837,
439,	0.013889,
440,	0.036673,
441,	-0.005127,
442,	0.020334,
443,	0.090315,
444,	-0.051039,
445,	-0.012361,
446,	-0.035656,
447,	-0.034823,
448,	-0.015435,
449,	0.043450,
450,	0.030227,
451,	0.041844,
452,	-0.113100,
453,	0.014602,
454,	0.019950,
455,	0.008204,
456,	0.031306,
457,	-0.087054,
458,	-0.004075,
459,	-0.005097,
460,	0.056828,
461,	0.007890,
462,	0.030699,
463,	0.011600,
464,	-0.004302,
465,	-0.078637,
466,	0.045259,
467,	-0.040488,
468,	0.055635,
469,	-0.020505,
470,	0.015887,
471,	0.008616,
472,	0.007095,
473,	0.048556,
474,	-0.018939,
475,	-0.103903,
476,	-0.010432,
477,	0.053333,
478,	-0.054625,
479,	-0.012094,
480,	0.020185,
481,	0.064599,
482,	-0.002767,
483,	-0.041628,
484,	0.039005,
485,	-0.113071,
486,	0.002753,
487,	-0.036372,
488,	0.026429,
489,	0.045748,
490,	0.012905,
491,	0.026961,
492,	0.000236,
493,	-0.023380,
494,	-0.005920,
495,	-0.058646,
496,	0.070718,
497,	0.011199,
498,	0.037686,
499,	-0.131111,
500,	0.000000,
