1,	-0.002471,
2,	-0.003545,
3,	-0.005243,
4,	0.005296,
5,	0.009233,
6,	0.004159,
7,	0.007233,
8,	0.002337,
9,	0.002182,
10,	0.007668,
11,	-0.015102,
12,	0.024364,
13,	0.013179,
14,	0.057698,
15,	0.012954,
16,	-0.038048,
17,	0.003916,
18,	0.047917,
19,	0.008121,
20,	-0.007991,
21,	0.008572,
22,	-0.079315,
23,	0.035268,
24,	-0.007281,
25,	-0.047614,
26,	-0.011644,
27,	0.003585,
28,	-0.019790,
29,	-0.001694,
30,	0.008263,
31,	-0.015519,
32,	0.003622,
33,	-0.008289,
34,	0.002701,
35,	-0.007393,
36,	0.000414,
37,	0.007011,
38,	0.009069,
39,	-0.005829,
40,	-0.013214,
41,	-0.003844,
42,	0.005967,
43,	-0.011109,
44,	-0.002472,
45,	0.000256,
46,	0.009924,
47,	-0.010756,
48,	-0.003071,
49,	-0.000622,
50,	0.001993,
51,	0.028151,
52,	-0.019731,
53,	-0.009726,
54,	-0.005895,
55,	0.001356,
56,	-0.009677,
57,	-0.004037,
58,	-0.001883,
59,	-0.000490,
60,	0.000624,
61,	0.011360,
62,	-0.005523,
63,	-0.003368,
64,	-0.001751,
65,	0.008425,
66,	-0.007100,
67,	-0.004461,
68,	-0.002731,
69,	-0.001164,
70,	0.009609,
71,	0.001751,
72,	-0.011292,
73,	-0.007005,
74,	-0.004819,
75,	-0.003245,
76,	0.004334,
77,	-0.011042,
78,	-0.004023,
79,	-0.002424,
80,	-0.001368,
81,	-0.000582,
82,	0.000048,
83,	0.000677,
84,	0.007052,
85,	0.193915,
86,	-0.034972,
87,	-0.029723,
88,	-0.019960,
89,	-0.014940,
90,	0.005170,
91,	-0.015946,
92,	0.002483,
93,	-0.022557,
94,	-0.013851,
95,	-0.010806,
96,	-0.008718,
97,	-0.007121,
98,	-0.005807,
99,	0.001238,
100,	-0.013058,
101,	-0.006508,
102,	-0.004930,
103,	-0.003843,
104,	-0.003005,
105,	-0.002325,
106,	-0.001758,
107,	-0.001273,
108,	-0.000852,
109,	-0.000474,
110,	-0.000086,
111,	0.010495,
112,	-0.009727,
113,	-0.003876,
114,	-0.002780,
115,	-0.002034,
116,	-0.001465,
117,	-0.001007,
118,	-0.000627,
119,	-0.000305,
120,	0.000000,
