1,	0.136714,
2,	0.135580,
3,	0.134877,
4,	0.134449,
5,	0.134191,
6,	0.134039,
7,	0.133950,
8,	0.133899,
9,	0.133871,
10,	0.133857,
11,	0.133851,
12,	0.133850,
13,	0.133851,
14,	0.133854,
15,	0.133858,
16,	0.133862,
17,	0.133867,
18,	0.133871,
19,	0.133876,
20,	0.133881,
21,	0.133886,
22,	0.133890,
23,	0.133895,
24,	0.133900,
25,	0.133905,
26,	0.133909,
27,	0.133914,
28,	0.133919,
29,	0.133924,
30,	0.133928,
31,	0.133933,
32,	0.133938,
33,	0.133943,
34,	0.133948,
35,	0.133952,
36,	0.133957,
37,	0.133962,
38,	0.133967,
39,	0.133972,
40,	0.133977,
41,	0.133982,
42,	0.133987,
43,	0.133991,
44,	0.133996,
45,	0.134001,
46,	0.134006,
47,	0.134011,
48,	0.134016,
49,	0.134021,
50,	0.134026,
51,	0.134031,
52,	0.134036,
53,	0.134041,
54,	0.134046,
55,	0.134051,
56,	0.134056,
57,	0.134061,
58,	0.134067,
59,	0.134072,
60,	0.000000,
