1,	0.139938,
2,	0.139303,
3,	0.138983,
4,	0.138819,
5,	0.138732,
6,	0.138684,
7,	0.138654,
8,	0.138635,
9,	0.138620,
10,	0.138608,
11,	0.138599,
12,	0.138590,
13,	0.138583,
14,	0.138577,
15,	0.138571,
16,	0.138567,
17,	0.138563,
18,	0.138559,
19,	0.138557,
20,	0.138555,
21,	0.138553,
22,	0.138552,
23,	0.138552,
24,	0.138552,
25,	0.138552,
26,	0.138553,
27,	0.138555,
28,	0.138557,
29,	0.138559,
30,	0.138561,
31,	0.138564,
32,	0.138567,
33,	0.138571,
34,	0.138575,
35,	0.138579,
36,	0.138583,
37,	0.138588,
38,	0.138592,
39,	0.138597,
40,	0.138602,
41,	0.138608,
42,	0.138613,
43,	0.138619,
44,	0.138625,
45,	0.138631,
46,	0.138637,
47,	0.138643,
48,	0.138649,
49,	0.138655,
50,	0.138661,
51,	0.138668,
52,	0.138674,
53,	0.138680,
54,	0.138687,
55,	0.138693,
56,	0.138699,
57,	0.138705,
58,	0.138712,
59,	0.138718,
60,	0.000000,
