1,	0.133403,
2,	0.132513,
3,	0.131905,
4,	0.131487,
5,	0.131194,
6,	0.130983,
7,	0.130826,
8,	0.130703,
9,	0.130603,
10,	0.130516,
11,	0.130437,
12,	0.130364,
13,	0.130293,
14,	0.130224,
15,	0.130154,
16,	0.130084,
17,	0.130013,
18,	0.129940,
19,	0.129865,
20,	0.129788,
21,	0.129709,
22,	0.129628,
23,	0.129544,
24,	0.129458,
25,	0.129369,
26,	0.129277,
27,	0.129182,
28,	0.129084,
29,	0.128983,
30,	0.128879,
31,	0.128771,
32,	0.128661,
33,	0.128546,
34,	0.128428,
35,	0.128306,
36,	0.128180,
37,	0.128051,
38,	0.127917,
39,	0.127779,
40,	0.127637,
41,	0.127490,
42,	0.127339,
43,	0.127183,
44,	0.127022,
45,	0.126857,
46,	0.126686,
47,	0.126511,
48,	0.126330,
49,	0.126144,
50,	0.125952,
51,	0.125755,
52,	0.125552,
53,	0.125344,
54,	0.125129,
55,	0.124908,
56,	0.124681,
57,	0.124448,
58,	0.124209,
59,	0.123963,
60,	0.123710,
61,	0.123450,
62,	0.123184,
63,	0.122911,
64,	0.122631,
65,	0.122343,
66,	0.122049,
67,	0.121747,
68,	0.121437,
69,	0.121120,
70,	0.120795,
71,	0.120463,
72,	0.120123,
73,	0.119774,
74,	0.119418,
75,	0.119053,
76,	0.118681,
77,	0.118300,
78,	0.117910,
79,	0.117512,
80,	0.117106,
81,	0.116691,
82,	0.116267,
83,	0.115834,
84,	0.115392,
85,	0.114941,
86,	0.114481,
87,	0.114012,
88,	0.113533,
89,	0.113045,
90,	0.112547,
91,	0.112039,
92,	0.111522,
93,	0.110995,
94,	0.110458,
95,	0.109910,
96,	0.109353,
97,	0.108785,
98,	0.108207,
99,	0.107618,
100,	0.107019,
101,	0.106409,
102,	0.105789,
103,	0.105158,
104,	0.104515,
105,	0.103862,
106,	0.103198,
107,	0.102524,
108,	0.101838,
109,	0.101141,
110,	0.100433,
111,	0.099715,
112,	0.098986,
113,	0.098246,
114,	0.097496,
115,	0.096735,
116,	0.095964,
117,	0.095183,
118,	0.094392,
119,	0.093591,
120,	0.092781,
121,	0.091962,
122,	0.091135,
123,	0.090298,
124,	0.089454,
125,	0.088602,
126,	0.087742,
127,	0.086876,
128,	0.086003,
129,	0.085124,
130,	0.084240,
131,	0.083350,
132,	0.082455,
133,	0.081557,
134,	0.080655,
135,	0.079749,
136,	0.078841,
137,	0.077931,
138,	0.077020,
139,	0.076107,
140,	0.075194,
141,	0.074281,
142,	0.073368,
143,	0.072456,
144,	0.071546,
145,	0.070638,
146,	0.069733,
147,	0.068831,
148,	0.067932,
149,	0.067037,
150,	0.066147,
151,	0.065262,
152,	0.064382,
153,	0.063507,
154,	0.062639,
155,	0.061778,
156,	0.060923,
157,	0.060075,
158,	0.059236,
159,	0.058403,
160,	0.057580,
161,	0.056764,
162,	0.055957,
163,	0.055159,
164,	0.054370,
165,	0.053591,
166,	0.052821,
167,	0.052060,
168,	0.051310,
169,	0.050569,
170,	0.049838,
171,	0.049118,
172,	0.048407,
173,	0.047707,
174,	0.047017,
175,	0.046337,
176,	0.045668,
177,	0.045009,
178,	0.044360,
179,	0.043722,
180,	0.043094,
181,	0.042476,
182,	0.041868,
183,	0.041270,
184,	0.040682,
185,	0.040104,
186,	0.039537,
187,	0.038978,
188,	0.038430,
189,	0.037891,
190,	0.037361,
191,	0.036841,
192,	0.036330,
193,	0.035829,
194,	0.035336,
195,	0.034852,
196,	0.034377,
197,	0.033910,
198,	0.033452,
199,	0.033002,
200,	0.032561,
201,	0.032127,
202,	0.031701,
203,	0.031284,
204,	0.030873,
205,	0.030471,
206,	0.030075,
207,	0.029687,
208,	0.029307,
209,	0.028933,
210,	0.028566,
211,	0.028205,
212,	0.027851,
213,	0.027504,
214,	0.027163,
215,	0.026828,
216,	0.026500,
217,	0.026177,
218,	0.025860,
219,	0.025549,
220,	0.025244,
221,	0.024944,
222,	0.024649,
223,	0.024360,
224,	0.024076,
225,	0.023796,
226,	0.023522,
227,	0.023253,
228,	0.022988,
229,	0.022729,
230,	0.022473,
231,	0.022222,
232,	0.021976,
233,	0.021734,
234,	0.021496,
235,	0.021262,
236,	0.021032,
237,	0.020806,
238,	0.020583,
239,	0.020365,
240,	0.020150,
241,	0.019939,
242,	0.019732,
243,	0.019528,
244,	0.019327,
245,	0.019129,
246,	0.018935,
247,	0.018744,
248,	0.018557,
249,	0.018372,
250,	0.018190,
251,	0.018011,
252,	0.017835,
253,	0.017662,
254,	0.017491,
255,	0.017324,
256,	0.017159,
257,	0.016996,
258,	0.016836,
259,	0.016679,
260,	0.016524,
261,	0.016371,
262,	0.016221,
263,	0.016072,
264,	0.015927,
265,	0.015783,
266,	0.015642,
267,	0.015502,
268,	0.015365,
269,	0.015230,
270,	0.015097,
271,	0.014965,
272,	0.014836,
273,	0.014709,
274,	0.014583,
275,	0.014459,
276,	0.014337,
277,	0.014217,
278,	0.014098,
279,	0.013982,
280,	0.013866,
281,	0.013753,
282,	0.013641,
283,	0.013530,
284,	0.013421,
285,	0.013314,
286,	0.013208,
287,	0.013103,
288,	0.013000,
289,	0.012898,
290,	0.012798,
291,	0.012699,
292,	0.012601,
293,	0.012505,
294,	0.012409,
295,	0.012316,
296,	0.012223,
297,	0.012131,
298,	0.012041,
299,	0.011952,
300,	0.011864,
301,	0.011777,
302,	0.011691,
303,	0.011607,
304,	0.011523,
305,	0.011440,
306,	0.011359,
307,	0.011278,
308,	0.011199,
309,	0.011120,
310,	0.011043,
311,	0.010966,
312,	0.010890,
313,	0.010815,
314,	0.010741,
315,	0.010668,
316,	0.010596,
317,	0.010525,
318,	0.010454,
319,	0.010385,
320,	0.010316,
321,	0.010248,
322,	0.010181,
323,	0.010114,
324,	0.010049,
325,	0.009984,
326,	0.009919,
327,	0.009856,
328,	0.009793,
329,	0.009731,
330,	0.009670,
331,	0.009609,
332,	0.009549,
333,	0.009490,
334,	0.009431,
335,	0.009373,
336,	0.009316,
337,	0.009259,
338,	0.009203,
339,	0.009147,
340,	0.009092,
341,	0.009038,
342,	0.008984,
343,	0.008931,
344,	0.008878,
345,	0.008826,
346,	0.008774,
347,	0.008723,
348,	0.008673,
349,	0.008623,
350,	0.008573,
351,	0.008524,
352,	0.008476,
353,	0.008428,
354,	0.008380,
355,	0.008333,
356,	0.008287,
357,	0.008241,
358,	0.008195,
359,	0.008150,
360,	0.008105,
361,	0.008061,
362,	0.008017,
363,	0.007974,
364,	0.007931,
365,	0.007888,
366,	0.007846,
367,	0.007804,
368,	0.007763,
369,	0.007722,
370,	0.007681,
371,	0.007641,
372,	0.007601,
373,	0.007562,
374,	0.007523,
375,	0.007484,
376,	0.007446,
377,	0.007408,
378,	0.007370,
379,	0.007333,
380,	0.007296,
381,	0.007259,
382,	0.007223,
383,	0.007187,
384,	0.007151,
385,	0.007116,
386,	0.007081,
387,	0.007046,
388,	0.007012,
389,	0.006978,
390,	0.006944,
391,	0.006910,
392,	0.006877,
393,	0.006844,
394,	0.006812,
395,	0.006779,
396,	0.006747,
397,	0.006716,
398,	0.006684,
399,	0.006653,
400,	0.006622,
401,	0.006591,
402,	0.006561,
403,	0.006530,
404,	0.006500,
405,	0.006471,
406,	0.006441,
407,	0.006412,
408,	0.006383,
409,	0.006354,
410,	0.006326,
411,	0.006298,
412,	0.006270,
413,	0.006242,
414,	0.006214,
415,	0.006187,
416,	0.006160,
417,	0.006133,
418,	0.006106,
419,	0.006080,
420,	0.006053,
421,	0.006027,
422,	0.006002,
423,	0.005976,
424,	0.005950,
425,	0.005925,
426,	0.005900,
427,	0.005875,
428,	0.005851,
429,	0.005826,
430,	0.005802,
431,	0.005778,
432,	0.005754,
433,	0.005730,
434,	0.005706,
435,	0.005683,
436,	0.005660,
437,	0.005637,
438,	0.005614,
439,	0.005591,
440,	0.005569,
441,	0.005546,
442,	0.005524,
443,	0.005502,
444,	0.005480,
445,	0.005458,
446,	0.005437,
447,	0.005415,
448,	0.005394,
449,	0.005373,
450,	0.005352,
451,	0.005331,
452,	0.005311,
453,	0.005290,
454,	0.005270,
455,	0.005250,
456,	0.005230,
457,	0.005210,
458,	0.005190,
459,	0.005170,
460,	0.005151,
461,	0.005131,
462,	0.005112,
463,	0.005093,
464,	0.005074,
465,	0.005055,
466,	0.005037,
467,	0.005018,
468,	0.005000,
469,	0.004981,
470,	0.004963,
471,	0.004945,
472,	0.004927,
473,	0.004909,
474,	0.004891,
475,	0.004874,
476,	0.004856,
477,	0.004839,
478,	0.004822,
479,	0.004805,
480,	0.004787,
481,	0.004771,
482,	0.004754,
483,	0.004737,
484,	0.004720,
485,	0.004704,
486,	0.004688,
487,	0.004671,
488,	0.004655,
489,	0.004639,
490,	0.004623,
491,	0.004607,
492,	0.004592,
493,	0.004576,
494,	0.004560,
495,	0.004545,
496,	0.004530,
497,	0.004514,
498,	0.004499,
499,	0.004484,
500,	0.000000,
