1,	0.139548,
2,	0.137664,
3,	0.136324,
4,	0.135383,
5,	0.134725,
6,	0.134263,
7,	0.133937,
8,	0.133702,
9,	0.133530,
10,	0.133401,
11,	0.133300,
12,	0.133218,
13,	0.133150,
14,	0.133092,
15,	0.133040,
16,	0.132993,
17,	0.132949,
18,	0.132907,
19,	0.132867,
20,	0.132829,
21,	0.132791,
22,	0.132754,
23,	0.132717,
24,	0.132681,
25,	0.132645,
26,	0.132610,
27,	0.132574,
28,	0.132538,
29,	0.132502,
30,	0.132466,
31,	0.132430,
32,	0.132394,
33,	0.132357,
34,	0.132320,
35,	0.132283,
36,	0.132245,
37,	0.132207,
38,	0.132168,
39,	0.132129,
40,	0.132089,
41,	0.132048,
42,	0.132007,
43,	0.131965,
44,	0.131922,
45,	0.131878,
46,	0.131834,
47,	0.131789,
48,	0.131742,
49,	0.131695,
50,	0.131646,
51,	0.131596,
52,	0.131546,
53,	0.131493,
54,	0.131440,
55,	0.131385,
56,	0.131328,
57,	0.131271,
58,	0.131211,
59,	0.131150,
60,	0.000000,
