1,	0.139548,
2,	0.137664,
3,	0.136324,
4,	0.135383,
5,	0.134725,
6,	0.134263,
7,	0.133937,
8,	0.133702,
9,	0.133530,
10,	0.133401,
11,	0.133300,
12,	0.133218,
13,	0.133150,
14,	0.133092,
15,	0.133040,
16,	0.132993,
17,	0.132949,
18,	0.132907,
19,	0.132867,
20,	0.132829,
21,	0.132791,
22,	0.132754,
23,	0.132717,
24,	0.132681,
25,	0.132645,
26,	0.132610,
27,	0.132574,
28,	0.132538,
29,	0.132502,
30,	0.132466,
31,	0.132430,
32,	0.132394,
33,	0.132357,
34,	0.132320,
35,	0.132283,
36,	0.132245,
37,	0.132207,
38,	0.132168,
39,	0.132129,
40,	0.132089,
41,	0.132048,
42,	0.132007,
43,	0.131965,
44,	0.131922,
45,	0.131878,
46,	0.131834,
47,	0.131789,
48,	0.131742,
49,	0.131695,
50,	0.131646,
51,	0.131596,
52,	0.131546,
53,	0.131493,
54,	0.131440,
55,	0.131385,
56,	0.131328,
57,	0.131271,
58,	0.131211,
59,	0.131150,
60,	0.131087,
61,	0.131022,
62,	0.130955,
63,	0.130886,
64,	0.130815,
65,	0.130742,
66,	0.130666,
67,	0.130589,
68,	0.130508,
69,	0.130425,
70,	0.130339,
71,	0.130250,
72,	0.130159,
73,	0.130064,
74,	0.129966,
75,	0.129864,
76,	0.129759,
77,	0.129650,
78,	0.129538,
79,	0.129421,
80,	0.129300,
81,	0.129175,
82,	0.129045,
83,	0.128911,
84,	0.128771,
85,	0.128627,
86,	0.128476,
87,	0.128321,
88,	0.128159,
89,	0.127992,
90,	0.127818,
91,	0.127638,
92,	0.127451,
93,	0.127256,
94,	0.127055,
95,	0.126845,
96,	0.126628,
97,	0.126403,
98,	0.126168,
99,	0.125925,
100,	0.125673,
101,	0.125412,
102,	0.125140,
103,	0.124858,
104,	0.124566,
105,	0.124263,
106,	0.123948,
107,	0.123622,
108,	0.123284,
109,	0.122933,
110,	0.122570,
111,	0.122193,
112,	0.121803,
113,	0.121399,
114,	0.120981,
115,	0.120549,
116,	0.120101,
117,	0.119639,
118,	0.119160,
119,	0.118666,
120,	0.000000,
