1,	0.139938,
2,	0.139303,
3,	0.138983,
4,	0.138819,
5,	0.138732,
6,	0.138684,
7,	0.138654,
8,	0.138635,
9,	0.138620,
10,	0.138608,
11,	0.138599,
12,	0.138590,
13,	0.138583,
14,	0.138577,
15,	0.138571,
16,	0.138567,
17,	0.138563,
18,	0.138559,
19,	0.138557,
20,	0.138555,
21,	0.138553,
22,	0.138552,
23,	0.138552,
24,	0.138552,
25,	0.138552,
26,	0.138553,
27,	0.138555,
28,	0.138557,
29,	0.138559,
30,	0.138561,
31,	0.138564,
32,	0.138567,
33,	0.138571,
34,	0.138575,
35,	0.138579,
36,	0.138583,
37,	0.138588,
38,	0.138592,
39,	0.138597,
40,	0.138602,
41,	0.138608,
42,	0.138613,
43,	0.138619,
44,	0.138625,
45,	0.138631,
46,	0.138637,
47,	0.138643,
48,	0.138649,
49,	0.138655,
50,	0.138661,
51,	0.138668,
52,	0.138674,
53,	0.138680,
54,	0.138687,
55,	0.138693,
56,	0.138699,
57,	0.138705,
58,	0.138712,
59,	0.138718,
60,	0.138723,
61,	0.138729,
62,	0.138735,
63,	0.138740,
64,	0.138745,
65,	0.138750,
66,	0.138755,
67,	0.138759,
68,	0.138764,
69,	0.138767,
70,	0.138771,
71,	0.138774,
72,	0.138777,
73,	0.138779,
74,	0.138781,
75,	0.138782,
76,	0.138783,
77,	0.138783,
78,	0.138782,
79,	0.138781,
80,	0.138779,
81,	0.138777,
82,	0.138773,
83,	0.138769,
84,	0.138763,
85,	0.138757,
86,	0.138750,
87,	0.138741,
88,	0.138731,
89,	0.138720,
90,	0.138708,
91,	0.138694,
92,	0.138679,
93,	0.138662,
94,	0.138643,
95,	0.138623,
96,	0.138600,
97,	0.138575,
98,	0.138549,
99,	0.138519,
100,	0.138488,
101,	0.138453,
102,	0.138416,
103,	0.138376,
104,	0.138333,
105,	0.138286,
106,	0.138236,
107,	0.138183,
108,	0.138125,
109,	0.138063,
110,	0.137997,
111,	0.137926,
112,	0.137850,
113,	0.137769,
114,	0.137682,
115,	0.137590,
116,	0.137492,
117,	0.137387,
118,	0.137276,
119,	0.137158,
120,	0.000000,
