1,	0.136018,
2,	0.134629,
3,	0.133538,
4,	0.132689,
5,	0.132033,
6,	0.131529,
7,	0.131143,
8,	0.130848,
9,	0.130623,
10,	0.130451,
11,	0.130321,
12,	0.130221,
13,	0.130145,
14,	0.130087,
15,	0.130042,
16,	0.130008,
17,	0.129981,
18,	0.129961,
19,	0.129945,
20,	0.129932,
21,	0.129923,
22,	0.129915,
23,	0.129909,
24,	0.129903,
25,	0.129899,
26,	0.129896,
27,	0.129893,
28,	0.129891,
29,	0.129889,
30,	0.129887,
31,	0.129886,
32,	0.129884,
33,	0.129883,
34,	0.129882,
35,	0.129881,
36,	0.129880,
37,	0.129880,
38,	0.129879,
39,	0.129878,
40,	0.129878,
41,	0.129877,
42,	0.129877,
43,	0.129876,
44,	0.129876,
45,	0.129875,
46,	0.129875,
47,	0.129874,
48,	0.129874,
49,	0.129873,
50,	0.129873,
51,	0.129873,
52,	0.129872,
53,	0.129872,
54,	0.129872,
55,	0.129871,
56,	0.129871,
57,	0.129871,
58,	0.129870,
59,	0.129870,
60,	0.129870,
61,	0.129869,
62,	0.129869,
63,	0.129869,
64,	0.129869,
65,	0.129868,
66,	0.129868,
67,	0.129868,
68,	0.129868,
69,	0.129868,
70,	0.129867,
71,	0.129867,
72,	0.129867,
73,	0.129867,
74,	0.129867,
75,	0.129866,
76,	0.129866,
77,	0.129866,
78,	0.129866,
79,	0.129866,
80,	0.129866,
81,	0.129866,
82,	0.129865,
83,	0.129865,
84,	0.129865,
85,	0.129865,
86,	0.129865,
87,	0.129865,
88,	0.129865,
89,	0.129865,
90,	0.129865,
91,	0.129865,
92,	0.129864,
93,	0.129864,
94,	0.129864,
95,	0.129864,
96,	0.129864,
97,	0.129864,
98,	0.129864,
99,	0.129864,
100,	0.129864,
101,	0.129864,
102,	0.129864,
103,	0.129864,
104,	0.129864,
105,	0.129864,
106,	0.129864,
107,	0.129864,
108,	0.129864,
109,	0.129864,
110,	0.129864,
111,	0.129864,
112,	0.129864,
113,	0.129864,
114,	0.129864,
115,	0.129864,
116,	0.129864,
117,	0.129864,
118,	0.129864,
119,	0.129864,
120,	0.129864,
121,	0.129864,
122,	0.129864,
123,	0.129864,
124,	0.129864,
125,	0.129864,
126,	0.129864,
127,	0.129864,
128,	0.129864,
129,	0.129864,
130,	0.129864,
131,	0.129864,
132,	0.129864,
133,	0.129864,
134,	0.129864,
135,	0.129864,
136,	0.129864,
137,	0.129864,
138,	0.129864,
139,	0.129864,
140,	0.129864,
141,	0.129864,
142,	0.129864,
143,	0.129864,
144,	0.129865,
145,	0.129865,
146,	0.129865,
147,	0.129865,
148,	0.129865,
149,	0.129865,
150,	0.129865,
151,	0.129865,
152,	0.129865,
153,	0.129865,
154,	0.129865,
155,	0.129865,
156,	0.129865,
157,	0.129865,
158,	0.129865,
159,	0.129865,
160,	0.129865,
161,	0.129865,
162,	0.129865,
163,	0.129866,
164,	0.129866,
165,	0.129866,
166,	0.129866,
167,	0.129866,
168,	0.129866,
169,	0.129866,
170,	0.129866,
171,	0.129866,
172,	0.129866,
173,	0.129866,
174,	0.129866,
175,	0.129866,
176,	0.129866,
177,	0.129866,
178,	0.129866,
179,	0.129866,
180,	0.129866,
181,	0.129866,
182,	0.129866,
183,	0.129866,
184,	0.129866,
185,	0.129866,
186,	0.129866,
187,	0.129866,
188,	0.129866,
189,	0.129866,
190,	0.129866,
191,	0.129866,
192,	0.129866,
193,	0.129866,
194,	0.129866,
195,	0.129866,
196,	0.129866,
197,	0.129866,
198,	0.129866,
199,	0.129866,
200,	0.129866,
201,	0.129866,
202,	0.129866,
203,	0.129866,
204,	0.129866,
205,	0.129866,
206,	0.129866,
207,	0.129866,
208,	0.129866,
209,	0.129866,
210,	0.129866,
211,	0.129866,
212,	0.129865,
213,	0.129865,
214,	0.129865,
215,	0.129865,
216,	0.129865,
217,	0.129865,
218,	0.129865,
219,	0.129865,
220,	0.129864,
221,	0.129864,
222,	0.129864,
223,	0.129864,
224,	0.129864,
225,	0.129864,
226,	0.129864,
227,	0.129863,
228,	0.129863,
229,	0.129863,
230,	0.129863,
231,	0.129863,
232,	0.129862,
233,	0.129862,
234,	0.129862,
235,	0.129862,
236,	0.129861,
237,	0.129861,
238,	0.129861,
239,	0.129860,
240,	0.129860,
241,	0.129860,
242,	0.129860,
243,	0.129859,
244,	0.129859,
245,	0.129859,
246,	0.129858,
247,	0.129858,
248,	0.129857,
249,	0.129857,
250,	0.129857,
251,	0.129856,
252,	0.129856,
253,	0.129855,
254,	0.129855,
255,	0.129854,
256,	0.129854,
257,	0.129853,
258,	0.129853,
259,	0.129852,
260,	0.129852,
261,	0.129851,
262,	0.129851,
263,	0.129850,
264,	0.129850,
265,	0.129849,
266,	0.129848,
267,	0.129848,
268,	0.129847,
269,	0.129846,
270,	0.129846,
271,	0.129845,
272,	0.129844,
273,	0.129844,
274,	0.129843,
275,	0.129842,
276,	0.129841,
277,	0.129841,
278,	0.129840,
279,	0.129839,
280,	0.129838,
281,	0.129837,
282,	0.129836,
283,	0.129835,
284,	0.129834,
285,	0.129833,
286,	0.129832,
287,	0.129831,
288,	0.129830,
289,	0.129829,
290,	0.129828,
291,	0.129827,
292,	0.129826,
293,	0.129825,
294,	0.129824,
295,	0.129822,
296,	0.129821,
297,	0.129820,
298,	0.129819,
299,	0.129817,
300,	0.129816,
301,	0.129815,
302,	0.129813,
303,	0.129812,
304,	0.129810,
305,	0.129809,
306,	0.129807,
307,	0.129806,
308,	0.129804,
309,	0.129803,
310,	0.129801,
311,	0.129799,
312,	0.129798,
313,	0.129796,
314,	0.129794,
315,	0.129792,
316,	0.129790,
317,	0.129789,
318,	0.129787,
319,	0.129785,
320,	0.129783,
321,	0.129781,
322,	0.129779,
323,	0.129776,
324,	0.129774,
325,	0.129772,
326,	0.129770,
327,	0.129767,
328,	0.129765,
329,	0.129763,
330,	0.129760,
331,	0.129758,
332,	0.129755,
333,	0.129753,
334,	0.129750,
335,	0.129747,
336,	0.129745,
337,	0.129742,
338,	0.129739,
339,	0.129736,
340,	0.129733,
341,	0.129730,
342,	0.129727,
343,	0.129724,
344,	0.129721,
345,	0.129717,
346,	0.129714,
347,	0.129711,
348,	0.129707,
349,	0.129704,
350,	0.129700,
351,	0.129697,
352,	0.129693,
353,	0.129689,
354,	0.129685,
355,	0.129681,
356,	0.129677,
357,	0.129673,
358,	0.129669,
359,	0.129665,
360,	0.129660,
361,	0.129656,
362,	0.129652,
363,	0.129647,
364,	0.129642,
365,	0.129638,
366,	0.129633,
367,	0.129628,
368,	0.129623,
369,	0.129618,
370,	0.129612,
371,	0.129607,
372,	0.129602,
373,	0.129596,
374,	0.129590,
375,	0.129585,
376,	0.129579,
377,	0.129573,
378,	0.129567,
379,	0.129561,
380,	0.129554,
381,	0.129548,
382,	0.129541,
383,	0.129535,
384,	0.129528,
385,	0.129521,
386,	0.129514,
387,	0.129507,
388,	0.129499,
389,	0.129492,
390,	0.129484,
391,	0.129476,
392,	0.129468,
393,	0.129460,
394,	0.129452,
395,	0.129444,
396,	0.129435,
397,	0.129427,
398,	0.129418,
399,	0.129409,
400,	0.129399,
401,	0.129390,
402,	0.129381,
403,	0.129371,
404,	0.129361,
405,	0.129351,
406,	0.129340,
407,	0.129330,
408,	0.129319,
409,	0.129308,
410,	0.129297,
411,	0.129286,
412,	0.129274,
413,	0.129262,
414,	0.129250,
415,	0.129238,
416,	0.129226,
417,	0.129213,
418,	0.129200,
419,	0.129187,
420,	0.129173,
421,	0.129159,
422,	0.129145,
423,	0.129131,
424,	0.129117,
425,	0.129102,
426,	0.129087,
427,	0.129071,
428,	0.129056,
429,	0.129039,
430,	0.129023,
431,	0.129007,
432,	0.128990,
433,	0.128972,
434,	0.128955,
435,	0.128937,
436,	0.128918,
437,	0.128900,
438,	0.128880,
439,	0.128861,
440,	0.128841,
441,	0.128821,
442,	0.128800,
443,	0.128779,
444,	0.128758,
445,	0.128736,
446,	0.128714,
447,	0.128691,
448,	0.128668,
449,	0.128644,
450,	0.128620,
451,	0.128596,
452,	0.128571,
453,	0.128545,
454,	0.128519,
455,	0.128493,
456,	0.128466,
457,	0.128438,
458,	0.128410,
459,	0.128382,
460,	0.128352,
461,	0.128323,
462,	0.128292,
463,	0.128261,
464,	0.128230,
465,	0.128197,
466,	0.128165,
467,	0.128131,
468,	0.128097,
469,	0.128062,
470,	0.128027,
471,	0.127991,
472,	0.127954,
473,	0.127916,
474,	0.127878,
475,	0.127839,
476,	0.127799,
477,	0.127758,
478,	0.127717,
479,	0.127675,
480,	0.127632,
481,	0.127588,
482,	0.127543,
483,	0.127497,
484,	0.127451,
485,	0.127404,
486,	0.127355,
487,	0.127306,
488,	0.127256,
489,	0.127205,
490,	0.127153,
491,	0.127100,
492,	0.127045,
493,	0.126990,
494,	0.126934,
495,	0.126877,
496,	0.126818,
497,	0.126759,
498,	0.126698,
499,	0.126637,
500,	0.000000,
