1,	0.139938,
2,	0.139303,
3,	0.138983,
4,	0.138819,
5,	0.138732,
6,	0.138684,
7,	0.138654,
8,	0.138635,
9,	0.138620,
10,	0.138608,
11,	0.138599,
12,	0.138590,
13,	0.138583,
14,	0.138577,
15,	0.138571,
16,	0.138567,
17,	0.138563,
18,	0.138559,
19,	0.138557,
20,	0.138555,
21,	0.138553,
22,	0.138552,
23,	0.138552,
24,	0.138552,
25,	0.138552,
26,	0.138553,
27,	0.138555,
28,	0.138557,
29,	0.138559,
30,	0.138561,
31,	0.138564,
32,	0.138567,
33,	0.138571,
34,	0.138575,
35,	0.138579,
36,	0.138583,
37,	0.138588,
38,	0.138592,
39,	0.138597,
40,	0.138602,
41,	0.138608,
42,	0.138613,
43,	0.138619,
44,	0.138625,
45,	0.138631,
46,	0.138637,
47,	0.138643,
48,	0.138649,
49,	0.138655,
50,	0.138661,
51,	0.138668,
52,	0.138674,
53,	0.138680,
54,	0.138687,
55,	0.138693,
56,	0.138699,
57,	0.138705,
58,	0.138712,
59,	0.138718,
60,	0.138723,
61,	0.138729,
62,	0.138735,
63,	0.138740,
64,	0.138745,
65,	0.138750,
66,	0.138755,
67,	0.138759,
68,	0.138764,
69,	0.138767,
70,	0.138771,
71,	0.138774,
72,	0.138777,
73,	0.138779,
74,	0.138781,
75,	0.138782,
76,	0.138783,
77,	0.138783,
78,	0.138782,
79,	0.138781,
80,	0.138779,
81,	0.138777,
82,	0.138773,
83,	0.138769,
84,	0.138763,
85,	0.138757,
86,	0.138750,
87,	0.138741,
88,	0.138731,
89,	0.138720,
90,	0.138708,
91,	0.138694,
92,	0.138679,
93,	0.138662,
94,	0.138643,
95,	0.138623,
96,	0.138600,
97,	0.138575,
98,	0.138549,
99,	0.138519,
100,	0.138488,
101,	0.138453,
102,	0.138416,
103,	0.138376,
104,	0.138333,
105,	0.138286,
106,	0.138236,
107,	0.138183,
108,	0.138125,
109,	0.138063,
110,	0.137997,
111,	0.137926,
112,	0.137850,
113,	0.137769,
114,	0.137682,
115,	0.137590,
116,	0.137492,
117,	0.137387,
118,	0.137276,
119,	0.137158,
120,	0.137032,
121,	0.136898,
122,	0.136757,
123,	0.136607,
124,	0.136448,
125,	0.136280,
126,	0.136103,
127,	0.135915,
128,	0.135717,
129,	0.135509,
130,	0.135289,
131,	0.135059,
132,	0.134816,
133,	0.134561,
134,	0.134294,
135,	0.134015,
136,	0.133722,
137,	0.133416,
138,	0.133097,
139,	0.132765,
140,	0.132418,
141,	0.132059,
142,	0.131685,
143,	0.131298,
144,	0.130897,
145,	0.130483,
146,	0.130055,
147,	0.129614,
148,	0.129161,
149,	0.128695,
150,	0.128217,
151,	0.127727,
152,	0.127226,
153,	0.126714,
154,	0.126192,
155,	0.125661,
156,	0.125120,
157,	0.124572,
158,	0.124016,
159,	0.123453,
160,	0.122884,
161,	0.122310,
162,	0.121731,
163,	0.121148,
164,	0.120562,
165,	0.119974,
166,	0.119384,
167,	0.118792,
168,	0.118200,
169,	0.117609,
170,	0.117018,
171,	0.116428,
172,	0.115840,
173,	0.115255,
174,	0.114672,
175,	0.114093,
176,	0.113517,
177,	0.112945,
178,	0.112378,
179,	0.111816,
180,	0.111258,
181,	0.110706,
182,	0.110159,
183,	0.109618,
184,	0.109083,
185,	0.108553,
186,	0.108030,
187,	0.107514,
188,	0.107004,
189,	0.106500,
190,	0.106003,
191,	0.105513,
192,	0.105030,
193,	0.104553,
194,	0.104084,
195,	0.103621,
196,	0.103165,
197,	0.102717,
198,	0.102275,
199,	0.101840,
200,	0.101413,
201,	0.100992,
202,	0.100578,
203,	0.100171,
204,	0.099771,
205,	0.099378,
206,	0.098992,
207,	0.098612,
208,	0.098239,
209,	0.097873,
210,	0.097513,
211,	0.097160,
212,	0.096813,
213,	0.096473,
214,	0.096139,
215,	0.095812,
216,	0.095490,
217,	0.095175,
218,	0.094865,
219,	0.094561,
220,	0.094264,
221,	0.093972,
222,	0.093685,
223,	0.093404,
224,	0.093129,
225,	0.092859,
226,	0.092594,
227,	0.092334,
228,	0.092080,
229,	0.091830,
230,	0.091585,
231,	0.091345,
232,	0.091110,
233,	0.090879,
234,	0.090653,
235,	0.090431,
236,	0.090214,
237,	0.090001,
238,	0.089792,
239,	0.089587,
240,	0.000000,
