1,	0.138148,
2,	0.137177,
3,	0.136278,
4,	0.135448,
5,	0.134685,
6,	0.133984,
7,	0.133341,
8,	0.132754,
9,	0.132218,
10,	0.131729,
11,	0.131284,
12,	0.130880,
13,	0.130513,
14,	0.130180,
15,	0.129879,
16,	0.129606,
17,	0.129359,
18,	0.129136,
19,	0.128934,
20,	0.128752,
21,	0.128588,
22,	0.128440,
23,	0.128307,
24,	0.128186,
25,	0.128077,
26,	0.127979,
27,	0.127891,
28,	0.127812,
29,	0.127740,
30,	0.127675,
31,	0.127617,
32,	0.127564,
33,	0.127516,
34,	0.127474,
35,	0.127435,
36,	0.127400,
37,	0.127368,
38,	0.127340,
39,	0.127314,
40,	0.127290,
41,	0.127269,
42,	0.127250,
43,	0.127233,
44,	0.127217,
45,	0.127202,
46,	0.127189,
47,	0.127177,
48,	0.127166,
49,	0.127156,
50,	0.127147,
51,	0.127139,
52,	0.127131,
53,	0.127124,
54,	0.127118,
55,	0.127112,
56,	0.127106,
57,	0.127101,
58,	0.127096,
59,	0.127092,
60,	0.127088,
61,	0.127084,
62,	0.127080,
63,	0.127077,
64,	0.127074,
65,	0.127071,
66,	0.127068,
67,	0.127065,
68,	0.127062,
69,	0.127060,
70,	0.127058,
71,	0.127055,
72,	0.127053,
73,	0.127051,
74,	0.127049,
75,	0.127047,
76,	0.127045,
77,	0.127044,
78,	0.127042,
79,	0.127040,
80,	0.127039,
81,	0.127037,
82,	0.127035,
83,	0.127034,
84,	0.127032,
85,	0.127031,
86,	0.127029,
87,	0.127028,
88,	0.127027,
89,	0.127025,
90,	0.127024,
91,	0.127022,
92,	0.127021,
93,	0.127020,
94,	0.127019,
95,	0.127017,
96,	0.127016,
97,	0.127015,
98,	0.127014,
99,	0.127012,
100,	0.127011,
101,	0.127010,
102,	0.127009,
103,	0.127008,
104,	0.127006,
105,	0.127005,
106,	0.127004,
107,	0.127003,
108,	0.127002,
109,	0.127001,
110,	0.127000,
111,	0.126999,
112,	0.126997,
113,	0.126996,
114,	0.126995,
115,	0.126994,
116,	0.126993,
117,	0.126992,
118,	0.126991,
119,	0.126990,
120,	0.126989,
121,	0.126988,
122,	0.126987,
123,	0.126986,
124,	0.126985,
125,	0.126984,
126,	0.126983,
127,	0.126982,
128,	0.126981,
129,	0.126980,
130,	0.126979,
131,	0.126978,
132,	0.126977,
133,	0.126976,
134,	0.126975,
135,	0.126974,
136,	0.126973,
137,	0.126972,
138,	0.126971,
139,	0.126970,
140,	0.126969,
141,	0.126969,
142,	0.126968,
143,	0.126967,
144,	0.126966,
145,	0.126965,
146,	0.126964,
147,	0.126963,
148,	0.126962,
149,	0.126961,
150,	0.126960,
151,	0.126960,
152,	0.126959,
153,	0.126958,
154,	0.126957,
155,	0.126956,
156,	0.126955,
157,	0.126954,
158,	0.126954,
159,	0.126953,
160,	0.126952,
161,	0.126951,
162,	0.126950,
163,	0.126949,
164,	0.126949,
165,	0.126948,
166,	0.126947,
167,	0.126946,
168,	0.126945,
169,	0.126945,
170,	0.126944,
171,	0.126943,
172,	0.126942,
173,	0.126941,
174,	0.126941,
175,	0.126940,
176,	0.126939,
177,	0.126938,
178,	0.126938,
179,	0.126937,
180,	0.126936,
181,	0.126935,
182,	0.126935,
183,	0.126934,
184,	0.126933,
185,	0.126932,
186,	0.126932,
187,	0.126931,
188,	0.126930,
189,	0.126929,
190,	0.126929,
191,	0.126928,
192,	0.126927,
193,	0.126926,
194,	0.126926,
195,	0.126925,
196,	0.126924,
197,	0.126924,
198,	0.126923,
199,	0.126922,
200,	0.126922,
201,	0.126921,
202,	0.126920,
203,	0.126919,
204,	0.126919,
205,	0.126918,
206,	0.126917,
207,	0.126917,
208,	0.126916,
209,	0.126915,
210,	0.126915,
211,	0.126914,
212,	0.126913,
213,	0.126913,
214,	0.126912,
215,	0.126912,
216,	0.126911,
217,	0.126910,
218,	0.126910,
219,	0.126909,
220,	0.126908,
221,	0.126908,
222,	0.126907,
223,	0.126906,
224,	0.126906,
225,	0.126905,
226,	0.126905,
227,	0.126904,
228,	0.126903,
229,	0.126903,
230,	0.126902,
231,	0.126902,
232,	0.126901,
233,	0.126900,
234,	0.126900,
235,	0.126899,
236,	0.126899,
237,	0.126898,
238,	0.126897,
239,	0.126897,
240,	0.000000,
