1,	0.138148,
2,	0.137177,
3,	0.136278,
4,	0.135448,
5,	0.134685,
6,	0.133984,
7,	0.133341,
8,	0.132754,
9,	0.132218,
10,	0.131729,
11,	0.131284,
12,	0.130880,
13,	0.130513,
14,	0.130180,
15,	0.129879,
16,	0.129606,
17,	0.129359,
18,	0.129136,
19,	0.128934,
20,	0.128752,
21,	0.128588,
22,	0.128440,
23,	0.128307,
24,	0.128186,
25,	0.128077,
26,	0.127979,
27,	0.127891,
28,	0.127812,
29,	0.127740,
30,	0.127675,
31,	0.127617,
32,	0.127564,
33,	0.127516,
34,	0.127474,
35,	0.127435,
36,	0.127400,
37,	0.127368,
38,	0.127340,
39,	0.127314,
40,	0.127290,
41,	0.127269,
42,	0.127250,
43,	0.127233,
44,	0.127217,
45,	0.127202,
46,	0.127189,
47,	0.127177,
48,	0.127166,
49,	0.127156,
50,	0.127147,
51,	0.127139,
52,	0.127131,
53,	0.127124,
54,	0.127118,
55,	0.127112,
56,	0.127106,
57,	0.127101,
58,	0.127096,
59,	0.127092,
60,	0.127088,
61,	0.127084,
62,	0.127080,
63,	0.127077,
64,	0.127074,
65,	0.127071,
66,	0.127068,
67,	0.127065,
68,	0.127062,
69,	0.127060,
70,	0.127058,
71,	0.127055,
72,	0.127053,
73,	0.127051,
74,	0.127049,
75,	0.127047,
76,	0.127045,
77,	0.127044,
78,	0.127042,
79,	0.127040,
80,	0.127039,
81,	0.127037,
82,	0.127035,
83,	0.127034,
84,	0.127032,
85,	0.127031,
86,	0.127029,
87,	0.127028,
88,	0.127027,
89,	0.127025,
90,	0.127024,
91,	0.127022,
92,	0.127021,
93,	0.127020,
94,	0.127019,
95,	0.127017,
96,	0.127016,
97,	0.127015,
98,	0.127014,
99,	0.127012,
100,	0.127011,
101,	0.127010,
102,	0.127009,
103,	0.127008,
104,	0.127006,
105,	0.127005,
106,	0.127004,
107,	0.127003,
108,	0.127002,
109,	0.127001,
110,	0.127000,
111,	0.126999,
112,	0.126997,
113,	0.126996,
114,	0.126995,
115,	0.126994,
116,	0.126993,
117,	0.126992,
118,	0.126991,
119,	0.126990,
120,	0.000000,
