1,	0.139938,
2,	0.139303,
3,	0.138983,
4,	0.138819,
5,	0.138732,
6,	0.138684,
7,	0.138654,
8,	0.138635,
9,	0.138620,
10,	0.138608,
11,	0.138599,
12,	0.138590,
13,	0.138583,
14,	0.138577,
15,	0.138571,
16,	0.138567,
17,	0.138563,
18,	0.138559,
19,	0.138557,
20,	0.138555,
21,	0.138553,
22,	0.138552,
23,	0.138552,
24,	0.138552,
25,	0.138552,
26,	0.138553,
27,	0.138555,
28,	0.138557,
29,	0.138559,
30,	0.138561,
31,	0.138564,
32,	0.138567,
33,	0.138571,
34,	0.138575,
35,	0.138579,
36,	0.138583,
37,	0.138588,
38,	0.138592,
39,	0.138597,
40,	0.138602,
41,	0.138608,
42,	0.138613,
43,	0.138619,
44,	0.138625,
45,	0.138631,
46,	0.138637,
47,	0.138643,
48,	0.138649,
49,	0.138655,
50,	0.138661,
51,	0.138668,
52,	0.138674,
53,	0.138680,
54,	0.138687,
55,	0.138693,
56,	0.138699,
57,	0.138705,
58,	0.138712,
59,	0.138718,
60,	0.138723,
61,	0.138729,
62,	0.138735,
63,	0.138740,
64,	0.138745,
65,	0.138750,
66,	0.138755,
67,	0.138759,
68,	0.138764,
69,	0.138767,
70,	0.138771,
71,	0.138774,
72,	0.138777,
73,	0.138779,
74,	0.138781,
75,	0.138782,
76,	0.138783,
77,	0.138783,
78,	0.138782,
79,	0.138781,
80,	0.138779,
81,	0.138777,
82,	0.138773,
83,	0.138769,
84,	0.138763,
85,	0.138757,
86,	0.138750,
87,	0.138741,
88,	0.138731,
89,	0.138720,
90,	0.138708,
91,	0.138694,
92,	0.138679,
93,	0.138662,
94,	0.138643,
95,	0.138623,
96,	0.138600,
97,	0.138575,
98,	0.138549,
99,	0.138519,
100,	0.138488,
101,	0.138453,
102,	0.138416,
103,	0.138376,
104,	0.138333,
105,	0.138286,
106,	0.138236,
107,	0.138183,
108,	0.138125,
109,	0.138063,
110,	0.137997,
111,	0.137926,
112,	0.137850,
113,	0.137769,
114,	0.137682,
115,	0.137590,
116,	0.137492,
117,	0.137387,
118,	0.137276,
119,	0.137158,
120,	0.137032,
121,	0.136898,
122,	0.136757,
123,	0.136607,
124,	0.136448,
125,	0.136280,
126,	0.136103,
127,	0.135915,
128,	0.135717,
129,	0.135509,
130,	0.135289,
131,	0.135059,
132,	0.134816,
133,	0.134561,
134,	0.134294,
135,	0.134015,
136,	0.133722,
137,	0.133416,
138,	0.133097,
139,	0.132765,
140,	0.132418,
141,	0.132059,
142,	0.131685,
143,	0.131298,
144,	0.130897,
145,	0.130483,
146,	0.130055,
147,	0.129614,
148,	0.129161,
149,	0.128695,
150,	0.128217,
151,	0.127727,
152,	0.127226,
153,	0.126714,
154,	0.126192,
155,	0.125661,
156,	0.125120,
157,	0.124572,
158,	0.124016,
159,	0.123453,
160,	0.122884,
161,	0.122310,
162,	0.121731,
163,	0.121148,
164,	0.120562,
165,	0.119974,
166,	0.119384,
167,	0.118792,
168,	0.118200,
169,	0.117609,
170,	0.117018,
171,	0.116428,
172,	0.115840,
173,	0.115255,
174,	0.114672,
175,	0.114093,
176,	0.113517,
177,	0.112945,
178,	0.112378,
179,	0.111816,
180,	0.111258,
181,	0.110706,
182,	0.110159,
183,	0.109618,
184,	0.109083,
185,	0.108553,
186,	0.108030,
187,	0.107514,
188,	0.107004,
189,	0.106500,
190,	0.106003,
191,	0.105513,
192,	0.105030,
193,	0.104553,
194,	0.104084,
195,	0.103621,
196,	0.103165,
197,	0.102717,
198,	0.102275,
199,	0.101840,
200,	0.101413,
201,	0.100992,
202,	0.100578,
203,	0.100171,
204,	0.099771,
205,	0.099378,
206,	0.098992,
207,	0.098612,
208,	0.098239,
209,	0.097873,
210,	0.097513,
211,	0.097160,
212,	0.096813,
213,	0.096473,
214,	0.096139,
215,	0.095812,
216,	0.095490,
217,	0.095175,
218,	0.094865,
219,	0.094561,
220,	0.094264,
221,	0.093972,
222,	0.093685,
223,	0.093404,
224,	0.093129,
225,	0.092859,
226,	0.092594,
227,	0.092334,
228,	0.092080,
229,	0.091830,
230,	0.091585,
231,	0.091345,
232,	0.091110,
233,	0.090879,
234,	0.090653,
235,	0.090431,
236,	0.090214,
237,	0.090001,
238,	0.089792,
239,	0.089587,
240,	0.089386,
241,	0.089189,
242,	0.088996,
243,	0.088807,
244,	0.088621,
245,	0.088439,
246,	0.088260,
247,	0.088085,
248,	0.087913,
249,	0.087744,
250,	0.087579,
251,	0.087417,
252,	0.087258,
253,	0.087102,
254,	0.086949,
255,	0.086798,
256,	0.086651,
257,	0.086506,
258,	0.086364,
259,	0.086225,
260,	0.086088,
261,	0.085954,
262,	0.085822,
263,	0.085693,
264,	0.085566,
265,	0.085442,
266,	0.085319,
267,	0.085199,
268,	0.085081,
269,	0.084965,
270,	0.084852,
271,	0.084740,
272,	0.084630,
273,	0.084522,
274,	0.084416,
275,	0.084312,
276,	0.084210,
277,	0.084110,
278,	0.084011,
279,	0.083914,
280,	0.083819,
281,	0.083725,
282,	0.083633,
283,	0.083542,
284,	0.083454,
285,	0.083366,
286,	0.083280,
287,	0.083195,
288,	0.083112,
289,	0.083031,
290,	0.082950,
291,	0.082871,
292,	0.082793,
293,	0.082717,
294,	0.082641,
295,	0.082567,
296,	0.082494,
297,	0.082423,
298,	0.082352,
299,	0.082283,
300,	0.082214,
301,	0.082147,
302,	0.082081,
303,	0.082015,
304,	0.081951,
305,	0.081888,
306,	0.081826,
307,	0.081764,
308,	0.081704,
309,	0.081645,
310,	0.081586,
311,	0.081528,
312,	0.081472,
313,	0.081416,
314,	0.081361,
315,	0.081306,
316,	0.081253,
317,	0.081200,
318,	0.081148,
319,	0.081097,
320,	0.081046,
321,	0.080996,
322,	0.080947,
323,	0.080899,
324,	0.080851,
325,	0.080804,
326,	0.080758,
327,	0.080712,
328,	0.080667,
329,	0.080623,
330,	0.080579,
331,	0.080536,
332,	0.080493,
333,	0.080451,
334,	0.080409,
335,	0.080368,
336,	0.080328,
337,	0.080288,
338,	0.080249,
339,	0.080210,
340,	0.080172,
341,	0.080134,
342,	0.080097,
343,	0.080060,
344,	0.080023,
345,	0.079987,
346,	0.079952,
347,	0.079917,
348,	0.079882,
349,	0.079848,
350,	0.079815,
351,	0.079781,
352,	0.079749,
353,	0.079716,
354,	0.079684,
355,	0.079652,
356,	0.079621,
357,	0.079590,
358,	0.079560,
359,	0.079529,
360,	0.079500,
361,	0.079470,
362,	0.079441,
363,	0.079412,
364,	0.079384,
365,	0.079356,
366,	0.079328,
367,	0.079301,
368,	0.079274,
369,	0.079247,
370,	0.079220,
371,	0.079194,
372,	0.079168,
373,	0.079143,
374,	0.079117,
375,	0.079092,
376,	0.079068,
377,	0.079043,
378,	0.079019,
379,	0.078995,
380,	0.078971,
381,	0.078948,
382,	0.078925,
383,	0.078902,
384,	0.078879,
385,	0.078857,
386,	0.078835,
387,	0.078813,
388,	0.078791,
389,	0.078769,
390,	0.078748,
391,	0.078727,
392,	0.078706,
393,	0.078686,
394,	0.078665,
395,	0.078645,
396,	0.078625,
397,	0.078606,
398,	0.078586,
399,	0.078567,
400,	0.078547,
401,	0.078528,
402,	0.078510,
403,	0.078491,
404,	0.078473,
405,	0.078454,
406,	0.078436,
407,	0.078419,
408,	0.078401,
409,	0.078383,
410,	0.078366,
411,	0.078349,
412,	0.078332,
413,	0.078315,
414,	0.078298,
415,	0.078282,
416,	0.078265,
417,	0.078249,
418,	0.078233,
419,	0.078217,
420,	0.078201,
421,	0.078186,
422,	0.078170,
423,	0.078155,
424,	0.078140,
425,	0.078125,
426,	0.078110,
427,	0.078095,
428,	0.078080,
429,	0.078066,
430,	0.078051,
431,	0.078037,
432,	0.078023,
433,	0.078009,
434,	0.077995,
435,	0.077981,
436,	0.077968,
437,	0.077954,
438,	0.077941,
439,	0.077927,
440,	0.077914,
441,	0.077901,
442,	0.077888,
443,	0.077875,
444,	0.077863,
445,	0.077850,
446,	0.077837,
447,	0.077825,
448,	0.077813,
449,	0.077801,
450,	0.077788,
451,	0.077776,
452,	0.077765,
453,	0.077753,
454,	0.077741,
455,	0.077729,
456,	0.077718,
457,	0.077707,
458,	0.077695,
459,	0.077684,
460,	0.077673,
461,	0.077662,
462,	0.077651,
463,	0.077640,
464,	0.077629,
465,	0.077619,
466,	0.077608,
467,	0.077597,
468,	0.077587,
469,	0.077577,
470,	0.077566,
471,	0.077556,
472,	0.077546,
473,	0.077536,
474,	0.077526,
475,	0.077516,
476,	0.077506,
477,	0.077496,
478,	0.077487,
479,	0.077477,
480,	0.077468,
481,	0.077458,
482,	0.077449,
483,	0.077439,
484,	0.077430,
485,	0.077421,
486,	0.077412,
487,	0.077403,
488,	0.077394,
489,	0.077385,
490,	0.077376,
491,	0.077367,
492,	0.077359,
493,	0.077350,
494,	0.077341,
495,	0.077333,
496,	0.077324,
497,	0.077316,
498,	0.077308,
499,	0.077299,
500,	0.000000,
