1,	0.139548,
2,	0.137664,
3,	0.136324,
4,	0.135383,
5,	0.134725,
6,	0.134263,
7,	0.133937,
8,	0.133702,
9,	0.133530,
10,	0.133401,
11,	0.133300,
12,	0.133218,
13,	0.133150,
14,	0.133092,
15,	0.133040,
16,	0.132993,
17,	0.132949,
18,	0.132907,
19,	0.132867,
20,	0.132829,
21,	0.132791,
22,	0.132754,
23,	0.132717,
24,	0.132681,
25,	0.132645,
26,	0.132610,
27,	0.132574,
28,	0.132538,
29,	0.132502,
30,	0.132466,
31,	0.132430,
32,	0.132394,
33,	0.132357,
34,	0.132320,
35,	0.132283,
36,	0.132245,
37,	0.132207,
38,	0.132168,
39,	0.132129,
40,	0.132089,
41,	0.132048,
42,	0.132007,
43,	0.131965,
44,	0.131922,
45,	0.131878,
46,	0.131834,
47,	0.131789,
48,	0.131742,
49,	0.131695,
50,	0.131646,
51,	0.131596,
52,	0.131546,
53,	0.131493,
54,	0.131440,
55,	0.131385,
56,	0.131328,
57,	0.131271,
58,	0.131211,
59,	0.131150,
60,	0.131087,
61,	0.131022,
62,	0.130955,
63,	0.130886,
64,	0.130815,
65,	0.130742,
66,	0.130666,
67,	0.130589,
68,	0.130508,
69,	0.130425,
70,	0.130339,
71,	0.130250,
72,	0.130159,
73,	0.130064,
74,	0.129966,
75,	0.129864,
76,	0.129759,
77,	0.129650,
78,	0.129538,
79,	0.129421,
80,	0.129300,
81,	0.129175,
82,	0.129045,
83,	0.128911,
84,	0.128771,
85,	0.128627,
86,	0.128476,
87,	0.128321,
88,	0.128159,
89,	0.127992,
90,	0.127818,
91,	0.127638,
92,	0.127451,
93,	0.127256,
94,	0.127055,
95,	0.126845,
96,	0.126628,
97,	0.126403,
98,	0.126168,
99,	0.125925,
100,	0.125673,
101,	0.125412,
102,	0.125140,
103,	0.124858,
104,	0.124566,
105,	0.124263,
106,	0.123948,
107,	0.123622,
108,	0.123284,
109,	0.122933,
110,	0.122570,
111,	0.122193,
112,	0.121803,
113,	0.121399,
114,	0.120981,
115,	0.120549,
116,	0.120101,
117,	0.119639,
118,	0.119160,
119,	0.118666,
120,	0.118156,
121,	0.117629,
122,	0.117085,
123,	0.116525,
124,	0.115947,
125,	0.115352,
126,	0.114739,
127,	0.114109,
128,	0.113460,
129,	0.112794,
130,	0.112109,
131,	0.111407,
132,	0.110686,
133,	0.109947,
134,	0.109191,
135,	0.108416,
136,	0.107624,
137,	0.106814,
138,	0.105987,
139,	0.105143,
140,	0.104282,
141,	0.103404,
142,	0.102511,
143,	0.101602,
144,	0.100678,
145,	0.099739,
146,	0.098786,
147,	0.097820,
148,	0.096840,
149,	0.095849,
150,	0.094846,
151,	0.093832,
152,	0.092809,
153,	0.091776,
154,	0.090734,
155,	0.089685,
156,	0.088629,
157,	0.087567,
158,	0.086500,
159,	0.085429,
160,	0.084354,
161,	0.083277,
162,	0.082199,
163,	0.081120,
164,	0.080041,
165,	0.078963,
166,	0.077886,
167,	0.076813,
168,	0.075743,
169,	0.074677,
170,	0.073616,
171,	0.072561,
172,	0.071512,
173,	0.070470,
174,	0.069436,
175,	0.068411,
176,	0.067394,
177,	0.066386,
178,	0.065388,
179,	0.064401,
180,	0.063425,
181,	0.062459,
182,	0.061505,
183,	0.060563,
184,	0.059633,
185,	0.058715,
186,	0.057810,
187,	0.056918,
188,	0.056038,
189,	0.055172,
190,	0.054318,
191,	0.053478,
192,	0.052652,
193,	0.051838,
194,	0.051038,
195,	0.050252,
196,	0.049478,
197,	0.048718,
198,	0.047971,
199,	0.047237,
200,	0.046517,
201,	0.045809,
202,	0.045114,
203,	0.044432,
204,	0.043762,
205,	0.043105,
206,	0.042460,
207,	0.041828,
208,	0.041207,
209,	0.040598,
210,	0.040000,
211,	0.039415,
212,	0.038840,
213,	0.038276,
214,	0.037724,
215,	0.037182,
216,	0.036650,
217,	0.036129,
218,	0.035618,
219,	0.035117,
220,	0.034626,
221,	0.034145,
222,	0.033672,
223,	0.033209,
224,	0.032755,
225,	0.032310,
226,	0.031874,
227,	0.031446,
228,	0.031026,
229,	0.030614,
230,	0.030211,
231,	0.029815,
232,	0.029427,
233,	0.029046,
234,	0.028673,
235,	0.028306,
236,	0.027947,
237,	0.027595,
238,	0.027249,
239,	0.026910,
240,	0.000000,
