1,	0.136018,
2,	0.134629,
3,	0.133538,
4,	0.132689,
5,	0.132033,
6,	0.131529,
7,	0.131143,
8,	0.130848,
9,	0.130623,
10,	0.130451,
11,	0.130321,
12,	0.130221,
13,	0.130145,
14,	0.130087,
15,	0.130042,
16,	0.130008,
17,	0.129981,
18,	0.129961,
19,	0.129945,
20,	0.129932,
21,	0.129923,
22,	0.129915,
23,	0.129909,
24,	0.129903,
25,	0.129899,
26,	0.129896,
27,	0.129893,
28,	0.129891,
29,	0.129889,
30,	0.129887,
31,	0.129886,
32,	0.129884,
33,	0.129883,
34,	0.129882,
35,	0.129881,
36,	0.129880,
37,	0.129880,
38,	0.129879,
39,	0.129878,
40,	0.129878,
41,	0.129877,
42,	0.129877,
43,	0.129876,
44,	0.129876,
45,	0.129875,
46,	0.129875,
47,	0.129874,
48,	0.129874,
49,	0.129873,
50,	0.129873,
51,	0.129873,
52,	0.129872,
53,	0.129872,
54,	0.129872,
55,	0.129871,
56,	0.129871,
57,	0.129871,
58,	0.129870,
59,	0.129870,
60,	0.129870,
61,	0.129869,
62,	0.129869,
63,	0.129869,
64,	0.129869,
65,	0.129868,
66,	0.129868,
67,	0.129868,
68,	0.129868,
69,	0.129868,
70,	0.129867,
71,	0.129867,
72,	0.129867,
73,	0.129867,
74,	0.129867,
75,	0.129866,
76,	0.129866,
77,	0.129866,
78,	0.129866,
79,	0.129866,
80,	0.129866,
81,	0.129866,
82,	0.129865,
83,	0.129865,
84,	0.129865,
85,	0.129865,
86,	0.129865,
87,	0.129865,
88,	0.129865,
89,	0.129865,
90,	0.129865,
91,	0.129865,
92,	0.129864,
93,	0.129864,
94,	0.129864,
95,	0.129864,
96,	0.129864,
97,	0.129864,
98,	0.129864,
99,	0.129864,
100,	0.129864,
101,	0.129864,
102,	0.129864,
103,	0.129864,
104,	0.129864,
105,	0.129864,
106,	0.129864,
107,	0.129864,
108,	0.129864,
109,	0.129864,
110,	0.129864,
111,	0.129864,
112,	0.129864,
113,	0.129864,
114,	0.129864,
115,	0.129864,
116,	0.129864,
117,	0.129864,
118,	0.129864,
119,	0.129864,
120,	0.129864,
121,	0.129864,
122,	0.129864,
123,	0.129864,
124,	0.129864,
125,	0.129864,
126,	0.129864,
127,	0.129864,
128,	0.129864,
129,	0.129864,
130,	0.129864,
131,	0.129864,
132,	0.129864,
133,	0.129864,
134,	0.129864,
135,	0.129864,
136,	0.129864,
137,	0.129864,
138,	0.129864,
139,	0.129864,
140,	0.129864,
141,	0.129864,
142,	0.129864,
143,	0.129864,
144,	0.129865,
145,	0.129865,
146,	0.129865,
147,	0.129865,
148,	0.129865,
149,	0.129865,
150,	0.129865,
151,	0.129865,
152,	0.129865,
153,	0.129865,
154,	0.129865,
155,	0.129865,
156,	0.129865,
157,	0.129865,
158,	0.129865,
159,	0.129865,
160,	0.129865,
161,	0.129865,
162,	0.129865,
163,	0.129866,
164,	0.129866,
165,	0.129866,
166,	0.129866,
167,	0.129866,
168,	0.129866,
169,	0.129866,
170,	0.129866,
171,	0.129866,
172,	0.129866,
173,	0.129866,
174,	0.129866,
175,	0.129866,
176,	0.129866,
177,	0.129866,
178,	0.129866,
179,	0.129866,
180,	0.129866,
181,	0.129866,
182,	0.129866,
183,	0.129866,
184,	0.129866,
185,	0.129866,
186,	0.129866,
187,	0.129866,
188,	0.129866,
189,	0.129866,
190,	0.129866,
191,	0.129866,
192,	0.129866,
193,	0.129866,
194,	0.129866,
195,	0.129866,
196,	0.129866,
197,	0.129866,
198,	0.129866,
199,	0.129866,
200,	0.129866,
201,	0.129866,
202,	0.129866,
203,	0.129866,
204,	0.129866,
205,	0.129866,
206,	0.129866,
207,	0.129866,
208,	0.129866,
209,	0.129866,
210,	0.129866,
211,	0.129866,
212,	0.129865,
213,	0.129865,
214,	0.129865,
215,	0.129865,
216,	0.129865,
217,	0.129865,
218,	0.129865,
219,	0.129865,
220,	0.129864,
221,	0.129864,
222,	0.129864,
223,	0.129864,
224,	0.129864,
225,	0.129864,
226,	0.129864,
227,	0.129863,
228,	0.129863,
229,	0.129863,
230,	0.129863,
231,	0.129863,
232,	0.129862,
233,	0.129862,
234,	0.129862,
235,	0.129862,
236,	0.129861,
237,	0.129861,
238,	0.129861,
239,	0.129860,
240,	0.000000,
