1,	0.136018,
2,	0.134629,
3,	0.133538,
4,	0.132689,
5,	0.132033,
6,	0.131529,
7,	0.131143,
8,	0.130848,
9,	0.130623,
10,	0.130451,
11,	0.130321,
12,	0.130221,
13,	0.130145,
14,	0.130087,
15,	0.130042,
16,	0.130008,
17,	0.129981,
18,	0.129961,
19,	0.129945,
20,	0.129932,
21,	0.129923,
22,	0.129915,
23,	0.129909,
24,	0.129903,
25,	0.129899,
26,	0.129896,
27,	0.129893,
28,	0.129891,
29,	0.129889,
30,	0.129887,
31,	0.129886,
32,	0.129884,
33,	0.129883,
34,	0.129882,
35,	0.129881,
36,	0.129880,
37,	0.129880,
38,	0.129879,
39,	0.129878,
40,	0.129878,
41,	0.129877,
42,	0.129877,
43,	0.129876,
44,	0.129876,
45,	0.129875,
46,	0.129875,
47,	0.129874,
48,	0.129874,
49,	0.129873,
50,	0.129873,
51,	0.129873,
52,	0.129872,
53,	0.129872,
54,	0.129872,
55,	0.129871,
56,	0.129871,
57,	0.129871,
58,	0.129870,
59,	0.129870,
60,	0.129870,
61,	0.129869,
62,	0.129869,
63,	0.129869,
64,	0.129869,
65,	0.129868,
66,	0.129868,
67,	0.129868,
68,	0.129868,
69,	0.129868,
70,	0.129867,
71,	0.129867,
72,	0.129867,
73,	0.129867,
74,	0.129867,
75,	0.129866,
76,	0.129866,
77,	0.129866,
78,	0.129866,
79,	0.129866,
80,	0.129866,
81,	0.129866,
82,	0.129865,
83,	0.129865,
84,	0.129865,
85,	0.129865,
86,	0.129865,
87,	0.129865,
88,	0.129865,
89,	0.129865,
90,	0.129865,
91,	0.129865,
92,	0.129864,
93,	0.129864,
94,	0.129864,
95,	0.129864,
96,	0.129864,
97,	0.129864,
98,	0.129864,
99,	0.129864,
100,	0.129864,
101,	0.129864,
102,	0.129864,
103,	0.129864,
104,	0.129864,
105,	0.129864,
106,	0.129864,
107,	0.129864,
108,	0.129864,
109,	0.129864,
110,	0.129864,
111,	0.129864,
112,	0.129864,
113,	0.129864,
114,	0.129864,
115,	0.129864,
116,	0.129864,
117,	0.129864,
118,	0.129864,
119,	0.129864,
120,	0.000000,
