1,	0.138148,
2,	0.137177,
3,	0.136278,
4,	0.135448,
5,	0.134685,
6,	0.133984,
7,	0.133341,
8,	0.132754,
9,	0.132218,
10,	0.131729,
11,	0.131284,
12,	0.130880,
13,	0.130513,
14,	0.130180,
15,	0.129879,
16,	0.129606,
17,	0.129359,
18,	0.129136,
19,	0.128934,
20,	0.128752,
21,	0.128588,
22,	0.128440,
23,	0.128307,
24,	0.128186,
25,	0.128077,
26,	0.127979,
27,	0.127891,
28,	0.127812,
29,	0.127740,
30,	0.127675,
31,	0.127617,
32,	0.127564,
33,	0.127516,
34,	0.127474,
35,	0.127435,
36,	0.127400,
37,	0.127368,
38,	0.127340,
39,	0.127314,
40,	0.127290,
41,	0.127269,
42,	0.127250,
43,	0.127233,
44,	0.127217,
45,	0.127202,
46,	0.127189,
47,	0.127177,
48,	0.127166,
49,	0.127156,
50,	0.127147,
51,	0.127139,
52,	0.127131,
53,	0.127124,
54,	0.127118,
55,	0.127112,
56,	0.127106,
57,	0.127101,
58,	0.127096,
59,	0.127092,
60,	0.000000,
