1,	0.136714,
2,	0.135580,
3,	0.134877,
4,	0.134449,
5,	0.134191,
6,	0.134039,
7,	0.133950,
8,	0.133899,
9,	0.133871,
10,	0.133857,
11,	0.133851,
12,	0.133850,
13,	0.133851,
14,	0.133854,
15,	0.133858,
16,	0.133862,
17,	0.133867,
18,	0.133871,
19,	0.133876,
20,	0.133881,
21,	0.133886,
22,	0.133890,
23,	0.133895,
24,	0.133900,
25,	0.133905,
26,	0.133909,
27,	0.133914,
28,	0.133919,
29,	0.133924,
30,	0.133928,
31,	0.133933,
32,	0.133938,
33,	0.133943,
34,	0.133948,
35,	0.133952,
36,	0.133957,
37,	0.133962,
38,	0.133967,
39,	0.133972,
40,	0.133977,
41,	0.133982,
42,	0.133987,
43,	0.133991,
44,	0.133996,
45,	0.134001,
46,	0.134006,
47,	0.134011,
48,	0.134016,
49,	0.134021,
50,	0.134026,
51,	0.134031,
52,	0.134036,
53,	0.134041,
54,	0.134046,
55,	0.134051,
56,	0.134056,
57,	0.134061,
58,	0.134067,
59,	0.134072,
60,	0.134077,
61,	0.134082,
62,	0.134087,
63,	0.134092,
64,	0.134097,
65,	0.134103,
66,	0.134108,
67,	0.134113,
68,	0.134118,
69,	0.134123,
70,	0.134129,
71,	0.134134,
72,	0.134139,
73,	0.134144,
74,	0.134150,
75,	0.134155,
76,	0.134160,
77,	0.134165,
78,	0.134171,
79,	0.134176,
80,	0.134181,
81,	0.134187,
82,	0.134192,
83,	0.134198,
84,	0.134203,
85,	0.134208,
86,	0.134214,
87,	0.134219,
88,	0.134225,
89,	0.134230,
90,	0.134235,
91,	0.134241,
92,	0.134246,
93,	0.134252,
94,	0.134257,
95,	0.134263,
96,	0.134268,
97,	0.134274,
98,	0.134279,
99,	0.134285,
100,	0.134291,
101,	0.134296,
102,	0.134302,
103,	0.134307,
104,	0.134313,
105,	0.134319,
106,	0.134324,
107,	0.134330,
108,	0.134335,
109,	0.134341,
110,	0.134347,
111,	0.134352,
112,	0.134358,
113,	0.134364,
114,	0.134369,
115,	0.134375,
116,	0.134381,
117,	0.134387,
118,	0.134392,
119,	0.134398,
120,	0.134404,
121,	0.134410,
122,	0.134415,
123,	0.134421,
124,	0.134427,
125,	0.134433,
126,	0.134439,
127,	0.134444,
128,	0.134450,
129,	0.134456,
130,	0.134462,
131,	0.134468,
132,	0.134474,
133,	0.134480,
134,	0.134485,
135,	0.134491,
136,	0.134497,
137,	0.134503,
138,	0.134509,
139,	0.134515,
140,	0.134521,
141,	0.134527,
142,	0.134533,
143,	0.134539,
144,	0.134545,
145,	0.134551,
146,	0.134557,
147,	0.134563,
148,	0.134569,
149,	0.134575,
150,	0.134581,
151,	0.134587,
152,	0.134593,
153,	0.134599,
154,	0.134605,
155,	0.134611,
156,	0.134617,
157,	0.134623,
158,	0.134629,
159,	0.134635,
160,	0.134642,
161,	0.134648,
162,	0.134654,
163,	0.134660,
164,	0.134666,
165,	0.134672,
166,	0.134678,
167,	0.134685,
168,	0.134691,
169,	0.134697,
170,	0.134703,
171,	0.134709,
172,	0.134716,
173,	0.134722,
174,	0.134728,
175,	0.134734,
176,	0.134740,
177,	0.134747,
178,	0.134753,
179,	0.134759,
180,	0.134766,
181,	0.134772,
182,	0.134778,
183,	0.134784,
184,	0.134791,
185,	0.134797,
186,	0.134803,
187,	0.134810,
188,	0.134816,
189,	0.134822,
190,	0.134829,
191,	0.134835,
192,	0.134841,
193,	0.134848,
194,	0.134854,
195,	0.134861,
196,	0.134867,
197,	0.134873,
198,	0.134880,
199,	0.134886,
200,	0.134893,
201,	0.134899,
202,	0.134906,
203,	0.134912,
204,	0.134919,
205,	0.134925,
206,	0.134932,
207,	0.134938,
208,	0.134945,
209,	0.134951,
210,	0.134958,
211,	0.134964,
212,	0.134971,
213,	0.134977,
214,	0.134984,
215,	0.134990,
216,	0.134997,
217,	0.135003,
218,	0.135010,
219,	0.135017,
220,	0.135023,
221,	0.135030,
222,	0.135036,
223,	0.135043,
224,	0.135050,
225,	0.135056,
226,	0.135063,
227,	0.135070,
228,	0.135076,
229,	0.135083,
230,	0.135090,
231,	0.135096,
232,	0.135103,
233,	0.135110,
234,	0.135116,
235,	0.135123,
236,	0.135130,
237,	0.135137,
238,	0.135143,
239,	0.135150,
240,	0.135157,
241,	0.135164,
242,	0.135170,
243,	0.135177,
244,	0.135184,
245,	0.135191,
246,	0.135198,
247,	0.135204,
248,	0.135211,
249,	0.135218,
250,	0.135225,
251,	0.135232,
252,	0.135238,
253,	0.135245,
254,	0.135252,
255,	0.135259,
256,	0.135266,
257,	0.135273,
258,	0.135280,
259,	0.135286,
260,	0.135293,
261,	0.135300,
262,	0.135307,
263,	0.135314,
264,	0.135321,
265,	0.135328,
266,	0.135335,
267,	0.135341,
268,	0.135348,
269,	0.135355,
270,	0.135362,
271,	0.135369,
272,	0.135376,
273,	0.135383,
274,	0.135390,
275,	0.135397,
276,	0.135404,
277,	0.135411,
278,	0.135417,
279,	0.135424,
280,	0.135431,
281,	0.135438,
282,	0.135445,
283,	0.135452,
284,	0.135459,
285,	0.135466,
286,	0.135473,
287,	0.135480,
288,	0.135486,
289,	0.135493,
290,	0.135500,
291,	0.135507,
292,	0.135514,
293,	0.135521,
294,	0.135528,
295,	0.135534,
296,	0.135541,
297,	0.135548,
298,	0.135555,
299,	0.135562,
300,	0.135568,
301,	0.135575,
302,	0.135582,
303,	0.135589,
304,	0.135595,
305,	0.135602,
306,	0.135609,
307,	0.135616,
308,	0.135622,
309,	0.135629,
310,	0.135636,
311,	0.135642,
312,	0.135649,
313,	0.135655,
314,	0.135662,
315,	0.135668,
316,	0.135675,
317,	0.135681,
318,	0.135688,
319,	0.135694,
320,	0.135701,
321,	0.135707,
322,	0.135714,
323,	0.135720,
324,	0.135726,
325,	0.135732,
326,	0.135739,
327,	0.135745,
328,	0.135751,
329,	0.135757,
330,	0.135763,
331,	0.135769,
332,	0.135775,
333,	0.135781,
334,	0.135787,
335,	0.135793,
336,	0.135799,
337,	0.135804,
338,	0.135810,
339,	0.135816,
340,	0.135821,
341,	0.135827,
342,	0.135832,
343,	0.135838,
344,	0.135843,
345,	0.135849,
346,	0.135854,
347,	0.135859,
348,	0.135864,
349,	0.135869,
350,	0.135874,
351,	0.135879,
352,	0.135884,
353,	0.135888,
354,	0.135893,
355,	0.135897,
356,	0.135902,
357,	0.135906,
358,	0.135910,
359,	0.135914,
360,	0.135918,
361,	0.135922,
362,	0.135926,
363,	0.135929,
364,	0.135933,
365,	0.135936,
366,	0.135939,
367,	0.135943,
368,	0.135945,
369,	0.135948,
370,	0.135951,
371,	0.135953,
372,	0.135956,
373,	0.135958,
374,	0.135960,
375,	0.135961,
376,	0.135963,
377,	0.135964,
378,	0.135965,
379,	0.135966,
380,	0.135967,
381,	0.135967,
382,	0.135967,
383,	0.135967,
384,	0.135967,
385,	0.135966,
386,	0.135965,
387,	0.135964,
388,	0.135963,
389,	0.135961,
390,	0.135958,
391,	0.135956,
392,	0.135953,
393,	0.135950,
394,	0.135946,
395,	0.135942,
396,	0.135937,
397,	0.135932,
398,	0.135926,
399,	0.135920,
400,	0.135913,
401,	0.135906,
402,	0.135898,
403,	0.135890,
404,	0.135881,
405,	0.135871,
406,	0.135861,
407,	0.135850,
408,	0.135838,
409,	0.135826,
410,	0.135812,
411,	0.135798,
412,	0.135783,
413,	0.135767,
414,	0.135749,
415,	0.135731,
416,	0.135712,
417,	0.135692,
418,	0.135670,
419,	0.135647,
420,	0.135623,
421,	0.135597,
422,	0.135570,
423,	0.135542,
424,	0.135512,
425,	0.135480,
426,	0.135447,
427,	0.135411,
428,	0.135374,
429,	0.135335,
430,	0.135294,
431,	0.135250,
432,	0.135204,
433,	0.135156,
434,	0.135105,
435,	0.135052,
436,	0.134996,
437,	0.134937,
438,	0.134874,
439,	0.134809,
440,	0.134740,
441,	0.134668,
442,	0.134593,
443,	0.134513,
444,	0.134429,
445,	0.134341,
446,	0.134249,
447,	0.134152,
448,	0.134051,
449,	0.133945,
450,	0.133833,
451,	0.133716,
452,	0.133593,
453,	0.133465,
454,	0.133330,
455,	0.133189,
456,	0.133042,
457,	0.132887,
458,	0.132726,
459,	0.132557,
460,	0.132381,
461,	0.132197,
462,	0.132005,
463,	0.131804,
464,	0.131595,
465,	0.131377,
466,	0.131150,
467,	0.130914,
468,	0.130668,
469,	0.130412,
470,	0.130146,
471,	0.129870,
472,	0.129583,
473,	0.129286,
474,	0.128978,
475,	0.128659,
476,	0.128329,
477,	0.127988,
478,	0.127635,
479,	0.127272,
480,	0.126897,
481,	0.126510,
482,	0.126113,
483,	0.125704,
484,	0.125285,
485,	0.124854,
486,	0.124412,
487,	0.123960,
488,	0.123498,
489,	0.123025,
490,	0.122543,
491,	0.122052,
492,	0.121551,
493,	0.121042,
494,	0.120524,
495,	0.119999,
496,	0.119467,
497,	0.118928,
498,	0.118383,
499,	0.117833,
500,	0.000000,
