1,	0.136714,
2,	0.135580,
3,	0.134877,
4,	0.134449,
5,	0.134191,
6,	0.134039,
7,	0.133950,
8,	0.133899,
9,	0.133871,
10,	0.133857,
11,	0.133851,
12,	0.133850,
13,	0.133851,
14,	0.133854,
15,	0.133858,
16,	0.133862,
17,	0.133867,
18,	0.133871,
19,	0.133876,
20,	0.133881,
21,	0.133886,
22,	0.133890,
23,	0.133895,
24,	0.133900,
25,	0.133905,
26,	0.133909,
27,	0.133914,
28,	0.133919,
29,	0.133924,
30,	0.133928,
31,	0.133933,
32,	0.133938,
33,	0.133943,
34,	0.133948,
35,	0.133952,
36,	0.133957,
37,	0.133962,
38,	0.133967,
39,	0.133972,
40,	0.133977,
41,	0.133982,
42,	0.133987,
43,	0.133991,
44,	0.133996,
45,	0.134001,
46,	0.134006,
47,	0.134011,
48,	0.134016,
49,	0.134021,
50,	0.134026,
51,	0.134031,
52,	0.134036,
53,	0.134041,
54,	0.134046,
55,	0.134051,
56,	0.134056,
57,	0.134061,
58,	0.134067,
59,	0.134072,
60,	0.134077,
61,	0.134082,
62,	0.134087,
63,	0.134092,
64,	0.134097,
65,	0.134103,
66,	0.134108,
67,	0.134113,
68,	0.134118,
69,	0.134123,
70,	0.134129,
71,	0.134134,
72,	0.134139,
73,	0.134144,
74,	0.134150,
75,	0.134155,
76,	0.134160,
77,	0.134165,
78,	0.134171,
79,	0.134176,
80,	0.134181,
81,	0.134187,
82,	0.134192,
83,	0.134198,
84,	0.134203,
85,	0.134208,
86,	0.134214,
87,	0.134219,
88,	0.134225,
89,	0.134230,
90,	0.134235,
91,	0.134241,
92,	0.134246,
93,	0.134252,
94,	0.134257,
95,	0.134263,
96,	0.134268,
97,	0.134274,
98,	0.134279,
99,	0.134285,
100,	0.134291,
101,	0.134296,
102,	0.134302,
103,	0.134307,
104,	0.134313,
105,	0.134319,
106,	0.134324,
107,	0.134330,
108,	0.134335,
109,	0.134341,
110,	0.134347,
111,	0.134352,
112,	0.134358,
113,	0.134364,
114,	0.134369,
115,	0.134375,
116,	0.134381,
117,	0.134387,
118,	0.134392,
119,	0.134398,
120,	0.000000,
