1,	0.136714,
2,	0.135580,
3,	0.134877,
4,	0.134449,
5,	0.134191,
6,	0.134039,
7,	0.133950,
8,	0.133899,
9,	0.133871,
10,	0.133857,
11,	0.133851,
12,	0.133850,
13,	0.133851,
14,	0.133854,
15,	0.133858,
16,	0.133862,
17,	0.133867,
18,	0.133871,
19,	0.133876,
20,	0.133881,
21,	0.133886,
22,	0.133890,
23,	0.133895,
24,	0.133900,
25,	0.133905,
26,	0.133909,
27,	0.133914,
28,	0.133919,
29,	0.133924,
30,	0.133928,
31,	0.133933,
32,	0.133938,
33,	0.133943,
34,	0.133948,
35,	0.133952,
36,	0.133957,
37,	0.133962,
38,	0.133967,
39,	0.133972,
40,	0.133977,
41,	0.133982,
42,	0.133987,
43,	0.133991,
44,	0.133996,
45,	0.134001,
46,	0.134006,
47,	0.134011,
48,	0.134016,
49,	0.134021,
50,	0.134026,
51,	0.134031,
52,	0.134036,
53,	0.134041,
54,	0.134046,
55,	0.134051,
56,	0.134056,
57,	0.134061,
58,	0.134067,
59,	0.134072,
60,	0.134077,
61,	0.134082,
62,	0.134087,
63,	0.134092,
64,	0.134097,
65,	0.134103,
66,	0.134108,
67,	0.134113,
68,	0.134118,
69,	0.134123,
70,	0.134129,
71,	0.134134,
72,	0.134139,
73,	0.134144,
74,	0.134150,
75,	0.134155,
76,	0.134160,
77,	0.134165,
78,	0.134171,
79,	0.134176,
80,	0.134181,
81,	0.134187,
82,	0.134192,
83,	0.134198,
84,	0.134203,
85,	0.134208,
86,	0.134214,
87,	0.134219,
88,	0.134225,
89,	0.134230,
90,	0.134235,
91,	0.134241,
92,	0.134246,
93,	0.134252,
94,	0.134257,
95,	0.134263,
96,	0.134268,
97,	0.134274,
98,	0.134279,
99,	0.134285,
100,	0.134291,
101,	0.134296,
102,	0.134302,
103,	0.134307,
104,	0.134313,
105,	0.134319,
106,	0.134324,
107,	0.134330,
108,	0.134335,
109,	0.134341,
110,	0.134347,
111,	0.134352,
112,	0.134358,
113,	0.134364,
114,	0.134369,
115,	0.134375,
116,	0.134381,
117,	0.134387,
118,	0.134392,
119,	0.134398,
120,	0.134404,
121,	0.134410,
122,	0.134415,
123,	0.134421,
124,	0.134427,
125,	0.134433,
126,	0.134439,
127,	0.134444,
128,	0.134450,
129,	0.134456,
130,	0.134462,
131,	0.134468,
132,	0.134474,
133,	0.134480,
134,	0.134485,
135,	0.134491,
136,	0.134497,
137,	0.134503,
138,	0.134509,
139,	0.134515,
140,	0.134521,
141,	0.134527,
142,	0.134533,
143,	0.134539,
144,	0.134545,
145,	0.134551,
146,	0.134557,
147,	0.134563,
148,	0.134569,
149,	0.134575,
150,	0.134581,
151,	0.134587,
152,	0.134593,
153,	0.134599,
154,	0.134605,
155,	0.134611,
156,	0.134617,
157,	0.134623,
158,	0.134629,
159,	0.134635,
160,	0.134642,
161,	0.134648,
162,	0.134654,
163,	0.134660,
164,	0.134666,
165,	0.134672,
166,	0.134678,
167,	0.134685,
168,	0.134691,
169,	0.134697,
170,	0.134703,
171,	0.134709,
172,	0.134716,
173,	0.134722,
174,	0.134728,
175,	0.134734,
176,	0.134740,
177,	0.134747,
178,	0.134753,
179,	0.134759,
180,	0.134766,
181,	0.134772,
182,	0.134778,
183,	0.134784,
184,	0.134791,
185,	0.134797,
186,	0.134803,
187,	0.134810,
188,	0.134816,
189,	0.134822,
190,	0.134829,
191,	0.134835,
192,	0.134841,
193,	0.134848,
194,	0.134854,
195,	0.134861,
196,	0.134867,
197,	0.134873,
198,	0.134880,
199,	0.134886,
200,	0.134893,
201,	0.134899,
202,	0.134906,
203,	0.134912,
204,	0.134919,
205,	0.134925,
206,	0.134932,
207,	0.134938,
208,	0.134945,
209,	0.134951,
210,	0.134958,
211,	0.134964,
212,	0.134971,
213,	0.134977,
214,	0.134984,
215,	0.134990,
216,	0.134997,
217,	0.135003,
218,	0.135010,
219,	0.135017,
220,	0.135023,
221,	0.135030,
222,	0.135036,
223,	0.135043,
224,	0.135050,
225,	0.135056,
226,	0.135063,
227,	0.135070,
228,	0.135076,
229,	0.135083,
230,	0.135090,
231,	0.135096,
232,	0.135103,
233,	0.135110,
234,	0.135116,
235,	0.135123,
236,	0.135130,
237,	0.135137,
238,	0.135143,
239,	0.135150,
240,	0.000000,
