1,	0.136018,
2,	0.134629,
3,	0.133538,
4,	0.132689,
5,	0.132033,
6,	0.131529,
7,	0.131143,
8,	0.130848,
9,	0.130623,
10,	0.130451,
11,	0.130321,
12,	0.130221,
13,	0.130145,
14,	0.130087,
15,	0.130042,
16,	0.130008,
17,	0.129981,
18,	0.129961,
19,	0.129945,
20,	0.129932,
21,	0.129923,
22,	0.129915,
23,	0.129909,
24,	0.129903,
25,	0.129899,
26,	0.129896,
27,	0.129893,
28,	0.129891,
29,	0.129889,
30,	0.129887,
31,	0.129886,
32,	0.129884,
33,	0.129883,
34,	0.129882,
35,	0.129881,
36,	0.129880,
37,	0.129880,
38,	0.129879,
39,	0.129878,
40,	0.129878,
41,	0.129877,
42,	0.129877,
43,	0.129876,
44,	0.129876,
45,	0.129875,
46,	0.129875,
47,	0.129874,
48,	0.129874,
49,	0.129873,
50,	0.129873,
51,	0.129873,
52,	0.129872,
53,	0.129872,
54,	0.129872,
55,	0.129871,
56,	0.129871,
57,	0.129871,
58,	0.129870,
59,	0.129870,
60,	0.000000,
